[
    {
        "id": 0,
        "img_name": "000.png",
        "width": 768,
        "height": 768,
        "position": [
            0.0,
            -3.0,
            0.0
        ],
        "rotation": [
            [
                1.0,
                -1.2246467991473532e-16,
                -1.2246467991473532e-16
            ],
            [
                1.2246467991473532e-16,
                0.0,
                1.0
            ],
            [
                -1.2246467991473532e-16,
                -1.0,
                1.4997597826618576e-32
            ]
        ],
        "fx": 1920,
        "fy": 1920
    },
    {
        "id": 1,
        "img_name": "001.png",
        "width": 768,
        "height": 768,
        "position": [
            0.2614672282429745,
            -2.988584094275237,
            0.0
        ],
        "rotation": [
            [
                0.9961946980917455,
                -1.2246467991473532e-16,
                -0.0871557427476582
            ],
            [
                0.0871557427476582,
                0.0,
                0.9961946980917455
            ],
            [
                -1.2199866483456202e-16,
                -1.0,
                1.0673500138322975e-17
            ]
        ],
        "fx": 1920,
        "fy": 1920
    },
    {
        "id": 2,
        "img_name": "002.png",
        "width": 768,
        "height": 768,
        "position": [
            0.520944533000791,
            -2.954423259036624,
            0.0
        ],
        "rotation": [
            [
                0.984807753012208,
                -1.2246467991473532e-16,
                -0.17364817766693028
            ],
            [
                0.17364817766693028,
                0.0,
                0.984807753012208
            ],
            [
                -1.2060416625018976e-16,
                -1.0,
                2.1265768495757707e-17
            ]
        ],
        "fx": 1920,
        "fy": 1920
    },
    {
        "id": 3,
        "img_name": "003.png",
        "width": 768,
        "height": 768,
        "position": [
            0.7764571353075622,
            -2.897777478867205,
            0.0
        ],
        "rotation": [
            [
                0.9659258262890682,
                -1.2246467991473532e-16,
                -0.258819045102521
            ],
            [
                0.258819045102521,
                0.0,
                0.9659258262890682
            ],
            [
                -1.1829179713786696e-16,
                -1.0,
                3.169619151431768e-17
            ]
        ],
        "fx": 1920,
        "fy": 1920
    },
    {
        "id": 4,
        "img_name": "004.png",
        "width": 768,
        "height": 768,
        "position": [
            1.0260604299770062,
            -2.8190778623577253,
            0.0
        ],
        "rotation": [
            [
                0.9396926207859083,
                -1.2246467991473532e-16,
                -0.3420201433256689
            ],
            [
                0.3420201433256689,
                0.0,
                0.9396926207859083
            ],
            [
                -1.1507915602278503e-16,
                -1.0,
                4.1885387376769936e-17
            ]
        ],
        "fx": 1920,
        "fy": 1920
    },
    {
        "id": 5,
        "img_name": "005.png",
        "width": 768,
        "height": 768,
        "position": [
            1.2678547852220983,
            -2.7189233611099497,
            0.0
        ],
        "rotation": [
            [
                0.9063077870366499,
                -1.2246467991473532e-16,
                -0.4226182617406995
            ],
            [
                0.4226182617406995,
                0.0,
                0.9063077870366499
            ],
            [
                -1.1099069304367545e-16,
                -1.0,
                5.1755810150196594e-17
            ]
        ],
        "fx": 1920,
        "fy": 1920
    },
    {
        "id": 6,
        "img_name": "006.png",
        "width": 768,
        "height": 768,
        "position": [
            1.4999999999999998,
            -2.598076211353316,
            0.0
        ],
        "rotation": [
            [
                0.8660254037844387,
                -1.2246467991473532e-16,
                -0.49999999999999994
            ],
            [
                0.49999999999999994,
                0.0,
                0.8660254037844387
            ],
            [
                -1.0605752387249069e-16,
                -1.0,
                6.123233995736765e-17
            ]
        ],
        "fx": 1920,
        "fy": 1920
    },
    {
        "id": 7,
        "img_name": "007.png",
        "width": 768,
        "height": 768,
        "position": [
            1.7207293090531381,
            -2.4574561328669753,
            0.0
        ],
        "rotation": [
            [
                0.8191520442889919,
                -1.2246467991473532e-16,
                -0.5735764363510459
            ],
            [
                0.5735764363510459,
                0.0,
                0.8191520442889919
            ],
            [
                -1.0031719290535249e-16,
                -1.0,
                7.02428546843654e-17
            ]
        ],
        "fx": 1920,
        "fy": 1920
    },
    {
        "id": 8,
        "img_name": "008.png",
        "width": 768,
        "height": 768,
        "position": [
            1.9283628290596178,
            -2.298133329356934,
            0.0
        ],
        "rotation": [
            [
                0.7660444431189779,
                -1.2246467991473532e-16,
                -0.6427876096865395
            ],
            [
                0.6427876096865395,
                0.0,
                0.7660444431189779
            ],
            [
                -9.38133875270273e-17,
                -1.0,
                7.871877887341988e-17
            ]
        ],
        "fx": 1920,
        "fy": 1920
    },
    {
        "id": 9,
        "img_name": "009.png",
        "width": 768,
        "height": 768,
        "position": [
            2.1213203435596424,
            -2.121320343559643,
            0.0
        ],
        "rotation": [
            [
                0.7071067811865475,
                -1.2246467991473532e-16,
                -0.7071067811865476
            ],
            [
                0.7071067811865476,
                0.0,
                0.7071067811865475
            ],
            [
                -8.659560562354932e-17,
                -1.0,
                8.659560562354934e-17
            ]
        ],
        "fx": 1920,
        "fy": 1920
    },
    {
        "id": 10,
        "img_name": "010.png",
        "width": 768,
        "height": 768,
        "position": [
            2.298133329356934,
            -1.9283628290596182,
            0.0
        ],
        "rotation": [
            [
                0.6427876096865394,
                -1.2246467991473532e-16,
                -0.766044443118978
            ],
            [
                0.766044443118978,
                0.0,
                0.6427876096865394
            ],
            [
                -7.871877887341986e-17,
                -1.0,
                9.381338752702731e-17
            ]
        ],
        "fx": 1920,
        "fy": 1920
    },
    {
        "id": 11,
        "img_name": "011.png",
        "width": 768,
        "height": 768,
        "position": [
            2.4574561328669753,
            -1.7207293090531386,
            0.0
        ],
        "rotation": [
            [
                0.5735764363510462,
                -1.2246467991473532e-16,
                -0.8191520442889917
            ],
            [
                0.8191520442889917,
                0.0,
                0.5735764363510462
            ],
            [
                -7.024285468436542e-17,
                -1.0,
                1.0031719290535246e-16
            ]
        ],
        "fx": 1920,
        "fy": 1920
    },
    {
        "id": 12,
        "img_name": "012.png",
        "width": 768,
        "height": 768,
        "position": [
            2.598076211353316,
            -1.5000000000000004,
            0.0
        ],
        "rotation": [
            [
                0.4999999999999998,
                -1.2246467991473532e-16,
                -0.8660254037844387
            ],
            [
                0.8660254037844387,
                0.0,
                0.4999999999999998
            ],
            [
                -6.123233995736764e-17,
                -1.0,
                1.0605752387249069e-16
            ]
        ],
        "fx": 1920,
        "fy": 1920
    },
    {
        "id": 13,
        "img_name": "013.png",
        "width": 768,
        "height": 768,
        "position": [
            2.7189233611099497,
            -1.2678547852220983,
            0.0
        ],
        "rotation": [
            [
                0.42261826174069933,
                -1.2246467991473532e-16,
                -0.90630778703665
            ],
            [
                0.90630778703665,
                0.0,
                0.42261826174069933
            ],
            [
                -5.1755810150196575e-17,
                -1.0,
                1.1099069304367546e-16
            ]
        ],
        "fx": 1920,
        "fy": 1920
    },
    {
        "id": 14,
        "img_name": "014.png",
        "width": 768,
        "height": 768,
        "position": [
            2.819077862357725,
            -1.0260604299770064,
            0.0
        ],
        "rotation": [
            [
                0.3420201433256687,
                -1.2246467991473532e-16,
                -0.9396926207859084
            ],
            [
                0.9396926207859084,
                0.0,
                0.3420201433256687
            ],
            [
                -4.188538737676992e-17,
                -1.0,
                1.1507915602278503e-16
            ]
        ],
        "fx": 1920,
        "fy": 1920
    },
    {
        "id": 15,
        "img_name": "015.png",
        "width": 768,
        "height": 768,
        "position": [
            2.897777478867205,
            -0.7764571353075622,
            0.0
        ],
        "rotation": [
            [
                0.25881904510252085,
                -1.2246467991473532e-16,
                -0.9659258262890683
            ],
            [
                0.9659258262890683,
                0.0,
                0.25881904510252085
            ],
            [
                -3.169619151431766e-17,
                -1.0,
                1.1829179713786698e-16
            ]
        ],
        "fx": 1920,
        "fy": 1920
    },
    {
        "id": 16,
        "img_name": "016.png",
        "width": 768,
        "height": 768,
        "position": [
            2.954423259036624,
            -0.5209445330007912,
            0.0
        ],
        "rotation": [
            [
                0.1736481776669303,
                -1.2246467991473532e-16,
                -0.984807753012208
            ],
            [
                0.984807753012208,
                0.0,
                0.1736481776669303
            ],
            [
                -2.126576849575771e-17,
                -1.0,
                1.2060416625018976e-16
            ]
        ],
        "fx": 1920,
        "fy": 1920
    },
    {
        "id": 17,
        "img_name": "017.png",
        "width": 768,
        "height": 768,
        "position": [
            2.988584094275237,
            -0.2614672282429744,
            0.0
        ],
        "rotation": [
            [
                0.08715574274765824,
                -1.2246467991473532e-16,
                -0.9961946980917455
            ],
            [
                0.9961946980917455,
                0.0,
                0.08715574274765824
            ],
            [
                -1.067350013832298e-17,
                -1.0,
                1.2199866483456202e-16
            ]
        ],
        "fx": 1920,
        "fy": 1920
    },
    {
        "id": 18,
        "img_name": "018.png",
        "width": 768,
        "height": 768,
        "position": [
            3.0,
            -1.8369701987210297e-16,
            0.0
        ],
        "rotation": [
            [
                -6.123233995736766e-17,
                -1.2246467991473532e-16,
                -1.0
            ],
            [
                1.0,
                0.0,
                -6.123233995736766e-17
            ],
            [
                7.498798913309288e-33,
                -1.0,
                1.2246467991473532e-16
            ]
        ],
        "fx": 1920,
        "fy": 1920
    },
    {
        "id": 19,
        "img_name": "019.png",
        "width": 768,
        "height": 768,
        "position": [
            2.988584094275237,
            0.2614672282429747,
            0.0
        ],
        "rotation": [
            [
                -0.08715574274765814,
                -1.2246467991473532e-16,
                -0.9961946980917455
            ],
            [
                0.9961946980917455,
                0.0,
                -0.08715574274765814
            ],
            [
                1.0673500138322967e-17,
                -1.0,
                1.2199866483456202e-16
            ]
        ],
        "fx": 1920,
        "fy": 1920
    },
    {
        "id": 20,
        "img_name": "020.png",
        "width": 768,
        "height": 768,
        "position": [
            2.954423259036624,
            0.5209445330007909,
            0.0
        ],
        "rotation": [
            [
                -0.17364817766693041,
                -1.2246467991473532e-16,
                -0.984807753012208
            ],
            [
                0.984807753012208,
                0.0,
                -0.17364817766693041
            ],
            [
                2.1265768495757722e-17,
                -1.0,
                1.2060416625018976e-16
            ]
        ],
        "fx": 1920,
        "fy": 1920
    },
    {
        "id": 21,
        "img_name": "021.png",
        "width": 768,
        "height": 768,
        "position": [
            2.897777478867205,
            0.7764571353075626,
            0.0
        ],
        "rotation": [
            [
                -0.25881904510252074,
                -1.2246467991473532e-16,
                -0.9659258262890683
            ],
            [
                0.9659258262890683,
                0.0,
                -0.25881904510252074
            ],
            [
                3.169619151431765e-17,
                -1.0,
                1.1829179713786698e-16
            ]
        ],
        "fx": 1920,
        "fy": 1920
    },
    {
        "id": 22,
        "img_name": "022.png",
        "width": 768,
        "height": 768,
        "position": [
            2.8190778623577253,
            1.0260604299770062,
            0.0
        ],
        "rotation": [
            [
                -0.3420201433256688,
                -1.2246467991473532e-16,
                -0.9396926207859083
            ],
            [
                0.9396926207859083,
                0.0,
                -0.3420201433256688
            ],
            [
                4.188538737676993e-17,
                -1.0,
                1.1507915602278503e-16
            ]
        ],
        "fx": 1920,
        "fy": 1920
    },
    {
        "id": 23,
        "img_name": "023.png",
        "width": 768,
        "height": 768,
        "position": [
            2.71892336110995,
            1.267854785222098,
            0.0
        ],
        "rotation": [
            [
                -0.42261826174069944,
                -1.2246467991473532e-16,
                -0.9063077870366499
            ],
            [
                0.9063077870366499,
                0.0,
                -0.42261826174069944
            ],
            [
                5.175581015019659e-17,
                -1.0,
                1.1099069304367545e-16
            ]
        ],
        "fx": 1920,
        "fy": 1920
    },
    {
        "id": 24,
        "img_name": "024.png",
        "width": 768,
        "height": 768,
        "position": [
            2.598076211353316,
            1.4999999999999993,
            0.0
        ],
        "rotation": [
            [
                -0.5000000000000001,
                -1.2246467991473532e-16,
                -0.8660254037844386
            ],
            [
                0.8660254037844386,
                0.0,
                -0.5000000000000001
            ],
            [
                6.123233995736767e-17,
                -1.0,
                1.0605752387249068e-16
            ]
        ],
        "fx": 1920,
        "fy": 1920
    },
    {
        "id": 25,
        "img_name": "025.png",
        "width": 768,
        "height": 768,
        "position": [
            2.457456132866975,
            1.7207293090531386,
            0.0
        ],
        "rotation": [
            [
                -0.5735764363510462,
                -1.2246467991473532e-16,
                -0.8191520442889918
            ],
            [
                0.8191520442889918,
                0.0,
                -0.5735764363510462
            ],
            [
                7.024285468436542e-17,
                -1.0,
                1.0031719290535247e-16
            ]
        ],
        "fx": 1920,
        "fy": 1920
    },
    {
        "id": 26,
        "img_name": "026.png",
        "width": 768,
        "height": 768,
        "position": [
            2.298133329356934,
            1.9283628290596182,
            0.0
        ],
        "rotation": [
            [
                -0.6427876096865394,
                -1.2246467991473532e-16,
                -0.766044443118978
            ],
            [
                0.766044443118978,
                0.0,
                -0.6427876096865394
            ],
            [
                7.871877887341986e-17,
                -1.0,
                9.381338752702731e-17
            ]
        ],
        "fx": 1920,
        "fy": 1920
    },
    {
        "id": 27,
        "img_name": "027.png",
        "width": 768,
        "height": 768,
        "position": [
            2.121320343559643,
            2.1213203435596424,
            0.0
        ],
        "rotation": [
            [
                -0.7071067811865476,
                -1.2246467991473532e-16,
                -0.7071067811865475
            ],
            [
                0.7071067811865475,
                0.0,
                -0.7071067811865476
            ],
            [
                8.659560562354934e-17,
                -1.0,
                8.659560562354932e-17
            ]
        ],
        "fx": 1920,
        "fy": 1920
    },
    {
        "id": 28,
        "img_name": "028.png",
        "width": 768,
        "height": 768,
        "position": [
            1.9283628290596184,
            2.2981333293569337,
            0.0
        ],
        "rotation": [
            [
                -0.766044443118978,
                -1.2246467991473532e-16,
                -0.6427876096865393
            ],
            [
                0.6427876096865393,
                0.0,
                -0.766044443118978
            ],
            [
                9.381338752702731e-17,
                -1.0,
                7.871877887341985e-17
            ]
        ],
        "fx": 1920,
        "fy": 1920
    },
    {
        "id": 29,
        "img_name": "029.png",
        "width": 768,
        "height": 768,
        "position": [
            1.7207293090531377,
            2.4574561328669757,
            0.0
        ],
        "rotation": [
            [
                -0.8191520442889918,
                -1.2246467991473532e-16,
                -0.573576436351046
            ],
            [
                0.573576436351046,
                0.0,
                -0.8191520442889918
            ],
            [
                1.0031719290535247e-16,
                -1.0,
                7.024285468436541e-17
            ]
        ],
        "fx": 1920,
        "fy": 1920
    },
    {
        "id": 30,
        "img_name": "030.png",
        "width": 768,
        "height": 768,
        "position": [
            1.4999999999999998,
            2.598076211353316,
            0.0
        ],
        "rotation": [
            [
                -0.8660254037844387,
                -1.2246467991473532e-16,
                -0.49999999999999994
            ],
            [
                0.49999999999999994,
                0.0,
                -0.8660254037844387
            ],
            [
                1.0605752387249069e-16,
                -1.0,
                6.123233995736765e-17
            ]
        ],
        "fx": 1920,
        "fy": 1920
    },
    {
        "id": 31,
        "img_name": "031.png",
        "width": 768,
        "height": 768,
        "position": [
            1.2678547852220985,
            2.7189233611099497,
            0.0
        ],
        "rotation": [
            [
                -0.9063077870366499,
                -1.2246467991473532e-16,
                -0.42261826174069944
            ],
            [
                0.42261826174069944,
                0.0,
                -0.9063077870366499
            ],
            [
                1.1099069304367545e-16,
                -1.0,
                5.175581015019659e-17
            ]
        ],
        "fx": 1920,
        "fy": 1920
    },
    {
        "id": 32,
        "img_name": "032.png",
        "width": 768,
        "height": 768,
        "position": [
            1.0260604299770066,
            2.819077862357725,
            0.0
        ],
        "rotation": [
            [
                -0.9396926207859084,
                -1.2246467991473532e-16,
                -0.3420201433256687
            ],
            [
                0.3420201433256687,
                0.0,
                -0.9396926207859084
            ],
            [
                1.1507915602278503e-16,
                -1.0,
                4.188538737676992e-17
            ]
        ],
        "fx": 1920,
        "fy": 1920
    },
    {
        "id": 33,
        "img_name": "033.png",
        "width": 768,
        "height": 768,
        "position": [
            0.7764571353075631,
            2.8977774788672046,
            0.0
        ],
        "rotation": [
            [
                -0.9659258262890683,
                -1.2246467991473532e-16,
                -0.25881904510252074
            ],
            [
                0.25881904510252074,
                0.0,
                -0.9659258262890683
            ],
            [
                1.1829179713786698e-16,
                -1.0,
                3.169619151431765e-17
            ]
        ],
        "fx": 1920,
        "fy": 1920
    },
    {
        "id": 34,
        "img_name": "034.png",
        "width": 768,
        "height": 768,
        "position": [
            0.5209445330007908,
            2.954423259036624,
            0.0
        ],
        "rotation": [
            [
                -0.984807753012208,
                -1.2246467991473532e-16,
                -0.17364817766693033
            ],
            [
                0.17364817766693033,
                0.0,
                -0.984807753012208
            ],
            [
                1.2060416625018976e-16,
                -1.0,
                2.1265768495757713e-17
            ]
        ],
        "fx": 1920,
        "fy": 1920
    },
    {
        "id": 35,
        "img_name": "035.png",
        "width": 768,
        "height": 768,
        "position": [
            0.2614672282429746,
            2.988584094275237,
            0.0
        ],
        "rotation": [
            [
                -0.9961946980917455,
                -1.2246467991473532e-16,
                -0.08715574274765817
            ],
            [
                0.08715574274765817,
                0.0,
                -0.9961946980917455
            ],
            [
                1.2199866483456202e-16,
                -1.0,
                1.0673500138322972e-17
            ]
        ],
        "fx": 1920,
        "fy": 1920
    },
    {
        "id": 36,
        "img_name": "036.png",
        "width": 768,
        "height": 768,
        "position": [
            3.6739403974420594e-16,
            3.0,
            0.0
        ],
        "rotation": [
            [
                -1.0,
                -1.2246467991473532e-16,
                0.0
            ],
            [
                0.0,
                0.0,
                -1.0
            ],
            [
                1.2246467991473532e-16,
                -1.0,
                0.0
            ]
        ],
        "fx": 1920,
        "fy": 1920
    },
    {
        "id": 37,
        "img_name": "037.png",
        "width": 768,
        "height": 768,
        "position": [
            -0.26146722824297386,
            2.988584094275237,
            0.0
        ],
        "rotation": [
            [
                -0.9961946980917455,
                -1.2246467991473532e-16,
                0.08715574274765817
            ],
            [
                -0.08715574274765817,
                0.0,
                -0.9961946980917455
            ],
            [
                1.2199866483456202e-16,
                -1.0,
                -1.0673500138322972e-17
            ]
        ],
        "fx": 1920,
        "fy": 1920
    },
    {
        "id": 38,
        "img_name": "038.png",
        "width": 768,
        "height": 768,
        "position": [
            -0.5209445330007914,
            2.954423259036624,
            0.0
        ],
        "rotation": [
            [
                -0.984807753012208,
                -1.2246467991473532e-16,
                0.17364817766693033
            ],
            [
                -0.17364817766693033,
                0.0,
                -0.984807753012208
            ],
            [
                1.2060416625018976e-16,
                -1.0,
                -2.1265768495757713e-17
            ]
        ],
        "fx": 1920,
        "fy": 1920
    },
    {
        "id": 39,
        "img_name": "039.png",
        "width": 768,
        "height": 768,
        "position": [
            -0.7764571353075624,
            2.897777478867205,
            0.0
        ],
        "rotation": [
            [
                -0.9659258262890683,
                -1.2246467991473532e-16,
                0.25881904510252074
            ],
            [
                -0.25881904510252074,
                0.0,
                -0.9659258262890683
            ],
            [
                1.1829179713786698e-16,
                -1.0,
                -3.169619151431765e-17
            ]
        ],
        "fx": 1920,
        "fy": 1920
    },
    {
        "id": 40,
        "img_name": "040.png",
        "width": 768,
        "height": 768,
        "position": [
            -1.026060429977006,
            2.8190778623577253,
            0.0
        ],
        "rotation": [
            [
                -0.9396926207859084,
                -1.2246467991473532e-16,
                0.3420201433256687
            ],
            [
                -0.3420201433256687,
                0.0,
                -0.9396926207859084
            ],
            [
                1.1507915602278503e-16,
                -1.0,
                -4.188538737676992e-17
            ]
        ],
        "fx": 1920,
        "fy": 1920
    },
    {
        "id": 41,
        "img_name": "041.png",
        "width": 768,
        "height": 768,
        "position": [
            -1.2678547852220978,
            2.71892336110995,
            0.0
        ],
        "rotation": [
            [
                -0.9063077870366499,
                -1.2246467991473532e-16,
                0.42261826174069944
            ],
            [
                -0.42261826174069944,
                0.0,
                -0.9063077870366499
            ],
            [
                1.1099069304367545e-16,
                -1.0,
                -5.175581015019659e-17
            ]
        ],
        "fx": 1920,
        "fy": 1920
    },
    {
        "id": 42,
        "img_name": "042.png",
        "width": 768,
        "height": 768,
        "position": [
            -1.5000000000000004,
            2.598076211353316,
            0.0
        ],
        "rotation": [
            [
                -0.8660254037844387,
                -1.2246467991473532e-16,
                0.49999999999999994
            ],
            [
                -0.49999999999999994,
                0.0,
                -0.8660254037844387
            ],
            [
                1.0605752387249069e-16,
                -1.0,
                -6.123233995736765e-17
            ]
        ],
        "fx": 1920,
        "fy": 1920
    },
    {
        "id": 43,
        "img_name": "043.png",
        "width": 768,
        "height": 768,
        "position": [
            -1.7207293090531386,
            2.4574561328669753,
            0.0
        ],
        "rotation": [
            [
                -0.8191520442889918,
                -1.2246467991473532e-16,
                0.573576436351046
            ],
            [
                -0.573576436351046,
                0.0,
                -0.8191520442889918
            ],
            [
                1.0031719290535247e-16,
                -1.0,
                -7.024285468436541e-17
            ]
        ],
        "fx": 1920,
        "fy": 1920
    },
    {
        "id": 44,
        "img_name": "044.png",
        "width": 768,
        "height": 768,
        "position": [
            -1.9283628290596178,
            2.298133329356934,
            0.0
        ],
        "rotation": [
            [
                -0.766044443118978,
                -1.2246467991473532e-16,
                0.6427876096865393
            ],
            [
                -0.6427876096865393,
                0.0,
                -0.766044443118978
            ],
            [
                9.381338752702731e-17,
                -1.0,
                -7.871877887341985e-17
            ]
        ],
        "fx": 1920,
        "fy": 1920
    },
    {
        "id": 45,
        "img_name": "045.png",
        "width": 768,
        "height": 768,
        "position": [
            -2.1213203435596424,
            2.121320343559643,
            0.0
        ],
        "rotation": [
            [
                -0.7071067811865476,
                -1.2246467991473532e-16,
                0.7071067811865475
            ],
            [
                -0.7071067811865475,
                0.0,
                -0.7071067811865476
            ],
            [
                8.659560562354934e-17,
                -1.0,
                -8.659560562354932e-17
            ]
        ],
        "fx": 1920,
        "fy": 1920
    },
    {
        "id": 46,
        "img_name": "046.png",
        "width": 768,
        "height": 768,
        "position": [
            -2.2981333293569337,
            1.9283628290596184,
            0.0
        ],
        "rotation": [
            [
                -0.6427876096865394,
                -1.2246467991473532e-16,
                0.766044443118978
            ],
            [
                -0.766044443118978,
                0.0,
                -0.6427876096865394
            ],
            [
                7.871877887341986e-17,
                -1.0,
                -9.381338752702731e-17
            ]
        ],
        "fx": 1920,
        "fy": 1920
    },
    {
        "id": 47,
        "img_name": "047.png",
        "width": 768,
        "height": 768,
        "position": [
            -2.457456132866975,
            1.720729309053139,
            0.0
        ],
        "rotation": [
            [
                -0.5735764363510462,
                -1.2246467991473532e-16,
                0.8191520442889918
            ],
            [
                -0.8191520442889918,
                0.0,
                -0.5735764363510462
            ],
            [
                7.024285468436542e-17,
                -1.0,
                -1.0031719290535247e-16
            ]
        ],
        "fx": 1920,
        "fy": 1920
    },
    {
        "id": 48,
        "img_name": "048.png",
        "width": 768,
        "height": 768,
        "position": [
            -2.598076211353315,
            1.5000000000000013,
            0.0
        ],
        "rotation": [
            [
                -0.5000000000000001,
                -1.2246467991473532e-16,
                0.8660254037844386
            ],
            [
                -0.8660254037844386,
                0.0,
                -0.5000000000000001
            ],
            [
                6.123233995736767e-17,
                -1.0,
                -1.0605752387249068e-16
            ]
        ],
        "fx": 1920,
        "fy": 1920
    },
    {
        "id": 49,
        "img_name": "049.png",
        "width": 768,
        "height": 768,
        "position": [
            -2.71892336110995,
            1.2678547852220974,
            0.0
        ],
        "rotation": [
            [
                -0.42261826174069944,
                -1.2246467991473532e-16,
                0.9063077870366499
            ],
            [
                -0.9063077870366499,
                0.0,
                -0.42261826174069944
            ],
            [
                5.175581015019659e-17,
                -1.0,
                -1.1099069304367545e-16
            ]
        ],
        "fx": 1920,
        "fy": 1920
    },
    {
        "id": 50,
        "img_name": "050.png",
        "width": 768,
        "height": 768,
        "position": [
            -2.8190778623577253,
            1.0260604299770058,
            0.0
        ],
        "rotation": [
            [
                -0.3420201433256688,
                -1.2246467991473532e-16,
                0.9396926207859083
            ],
            [
                -0.9396926207859083,
                0.0,
                -0.3420201433256688
            ],
            [
                4.188538737676993e-17,
                -1.0,
                -1.1507915602278503e-16
            ]
        ],
        "fx": 1920,
        "fy": 1920
    },
    {
        "id": 51,
        "img_name": "051.png",
        "width": 768,
        "height": 768,
        "position": [
            -2.897777478867205,
            0.7764571353075619,
            0.0
        ],
        "rotation": [
            [
                -0.25881904510252074,
                -1.2246467991473532e-16,
                0.9659258262890683
            ],
            [
                -0.9659258262890683,
                0.0,
                -0.25881904510252074
            ],
            [
                3.169619151431765e-17,
                -1.0,
                -1.1829179713786698e-16
            ]
        ],
        "fx": 1920,
        "fy": 1920
    },
    {
        "id": 52,
        "img_name": "052.png",
        "width": 768,
        "height": 768,
        "position": [
            -2.954423259036624,
            0.520944533000791,
            0.0
        ],
        "rotation": [
            [
                -0.17364817766693041,
                -1.2246467991473532e-16,
                0.984807753012208
            ],
            [
                -0.984807753012208,
                0.0,
                -0.17364817766693041
            ],
            [
                2.1265768495757722e-17,
                -1.0,
                -1.2060416625018976e-16
            ]
        ],
        "fx": 1920,
        "fy": 1920
    },
    {
        "id": 53,
        "img_name": "053.png",
        "width": 768,
        "height": 768,
        "position": [
            -2.988584094275237,
            0.26146722824297475,
            0.0
        ],
        "rotation": [
            [
                -0.08715574274765814,
                -1.2246467991473532e-16,
                0.9961946980917455
            ],
            [
                -0.9961946980917455,
                0.0,
                -0.08715574274765814
            ],
            [
                1.0673500138322967e-17,
                -1.0,
                -1.2199866483456202e-16
            ]
        ],
        "fx": 1920,
        "fy": 1920
    },
    {
        "id": 54,
        "img_name": "054.png",
        "width": 768,
        "height": 768,
        "position": [
            -3.0,
            5.51091059616309e-16,
            0.0
        ],
        "rotation": [
            [
                -6.123233995736766e-17,
                -1.2246467991473532e-16,
                1.0
            ],
            [
                -1.0,
                0.0,
                -6.123233995736766e-17
            ],
            [
                7.498798913309288e-33,
                -1.0,
                -1.2246467991473532e-16
            ]
        ],
        "fx": 1920,
        "fy": 1920
    },
    {
        "id": 55,
        "img_name": "055.png",
        "width": 768,
        "height": 768,
        "position": [
            -2.988584094275237,
            -0.26146722824297364,
            0.0
        ],
        "rotation": [
            [
                0.08715574274765824,
                -1.2246467991473532e-16,
                0.9961946980917455
            ],
            [
                -0.9961946980917455,
                0.0,
                0.08715574274765824
            ],
            [
                -1.067350013832298e-17,
                -1.0,
                -1.2199866483456202e-16
            ]
        ],
        "fx": 1920,
        "fy": 1920
    },
    {
        "id": 56,
        "img_name": "056.png",
        "width": 768,
        "height": 768,
        "position": [
            -2.9544232590366244,
            -0.5209445330007899,
            0.0
        ],
        "rotation": [
            [
                0.1736481776669303,
                -1.2246467991473532e-16,
                0.984807753012208
            ],
            [
                -0.984807753012208,
                0.0,
                0.1736481776669303
            ],
            [
                -2.126576849575771e-17,
                -1.0,
                -1.2060416625018976e-16
            ]
        ],
        "fx": 1920,
        "fy": 1920
    },
    {
        "id": 57,
        "img_name": "057.png",
        "width": 768,
        "height": 768,
        "position": [
            -2.897777478867205,
            -0.7764571353075609,
            0.0
        ],
        "rotation": [
            [
                0.25881904510252085,
                -1.2246467991473532e-16,
                0.9659258262890683
            ],
            [
                -0.9659258262890683,
                0.0,
                0.25881904510252085
            ],
            [
                -3.169619151431766e-17,
                -1.0,
                -1.1829179713786698e-16
            ]
        ],
        "fx": 1920,
        "fy": 1920
    },
    {
        "id": 58,
        "img_name": "058.png",
        "width": 768,
        "height": 768,
        "position": [
            -2.819077862357725,
            -1.026060429977007,
            0.0
        ],
        "rotation": [
            [
                0.3420201433256687,
                -1.2246467991473532e-16,
                0.9396926207859084
            ],
            [
                -0.9396926207859084,
                0.0,
