[{"id": 0, "img_name": "000", "width": 768, "height": 768, "position": [2.465190328815662e-32, -3.0, -0.0], "rotation": [[1.0, -1.2246467991473532e-16, -1.2246467991473532e-16], [1.2246467991473532e-16, 0.0, 1.0], [-1.2246467991473532e-16, -1.0, 1.4997597826618576e-32]], "fy": 1920.0, "fx": 1920.0}, {"id": 1, "img_name": "001", "width": 768, "height": 768, "position": [2.121320343559643, -2.1213203435596424, -0.0], "rotation": [[0.7071067811865475, -1.2246467991473532e-16, -0.7071067811865476], [0.7071067811865476, 0.0, 0.7071067811865475], [-8.659560562354932e-17, -1.0, 8.659560562354934e-17]], "fy": 1920.0, "fx": 1920.0}, {"id": 2, "img_name": "002", "width": 768, "height": 768, "position": [3.0, -1.8369701987210297e-16, 4.930380657631324e-32], "rotation": [[-6.123233995736766e-17, -1.2246467991473532e-16, -1.0], [1.0, 0.0, -6.123233995736766e-17], [7.498798913309288e-33, -1.0, 1.2246467991473532e-16]], "fy": 1920.0, "fx": 1920.0}, {"id": 3, "img_name": "003", "width": 768, "height": 768, "position": [3.6739403974420594e-16, 3.0, -0.0], "rotation": [[-1.0, -1.2246467991473532e-16, -0.0], [-0.0, -0.0, -1.0], [1.2246467991473532e-16, -1.0, -0.0]], "fy": 1920.0, "fx": 1920.0}, {"id": 4, "img_name": "004", "width": 768, "height": 768, "position": [-3.0, 5.51091059616309e-16, -0.0], "rotation": [[-6.123233995736766e-17, -1.2246467991473532e-16, 1.0], [-1.0, -0.0, -6.123233995736766e-17], [7.498798913309288e-33, -1.0, -1.2246467991473532e-16]], "fy": 1920.0, "fx": 1920.0}, {"id": 5, "img_name": "005", "width": 768, "height": 768, "position": [-2.121320343559642, -2.121320343559642, -9.860761315262648e-32], "rotation": [[0.7071067811865475, -1.2246467991473532e-16, 0.7071067811865476], [-0.7071067811865476, -0.0, 0.7071067811865475], [-8.659560562354932e-17, -1.0, -8.659560562354934e-17]], "fy": 1920.0, "fx": 1920.0}, {"id": 6, "img_name": "00000.png", "width": 768, "height": 768, "position": [3.0, -7.376058863695085e-08, -3.0744342628114665e-23], "rotation": [[2.4586862255276834e-08, -1.0248114211621216e-23, -1.0], [1.0000000000000002, -2.629536403584364e-31, 2.4586862255276834e-08], [-4.6204023200920265e-31, -1.0, 1.0248114211621217e-23]], "fy": 1920.0, "fx": 1920.0}, {"id": 7, "img_name": "00001.png", "width": 768, "height": 768, "position": [2.9958886081240514, 0.15700779506932896, -3.070220864801079e-23], "rotation": [[-0.052335931689776946, -1.0248114211478973e-23, -0.9986295360413507], [0.9986295360413509, -2.6838557386765715e-31, -0.05233593168977696], [5.363443901131428e-25, -1.0, 1.0234069551586591e-23]], "fy": 1920.0, "fx": 1920.0}, {"id": 8, "img_name": "00002.png", "width": 768, "height": 768, "position": [2.9835656938149, 0.31358531644644033, -3.057592204892201e-23], "rotation": [[-0.10452843881548068, -1.0248114211052645e-23, -0.9945218979383001], [0.9945218979383003, -2.738026186801578e-31, -0.1045284388154807], [1.0712191595740606e-24, -1.0, 1.0191974018556996e-23]], "fy": 1920.0, "fx": 1920.0}, {"id": 9, "img_name": "00003.png", "width": 768, "height": 768, "position": [2.96306503332411, 0.4693033222682196, -3.036582897363836e-23], "rotation": [[-0.1564344407560738, -1.0248114210343392e-23, -0.9876883444413702], [0.9876883444413703, -2.7918992754077286e-31, -0.15643444075607382], [1.6031577917781161e-24, -1.0, 1.0121942993462445e-23]], "fy": 1920.0, "fx": 1920.0}, {"id": 10, "img_name": "00004.png", "width": 768, "height": 768, "position": [2.9344428175371053, 0.623735000304536, -3.0072505272675814e-23], "rotation": [[-0.20791166676817924, -1.0248114209353161e-23, -0.9781476058457016], [0.9781476058457018, -2.845327333987079e-31, -0.20791166676817927], [2.13070227990904e-24, -1.0, 1.0024168426474929e-23]], "fy": 1920.0, "fx": 1920.0}, {"id": 11, "img_name": "00005.png", "width": 768, "height": 768, "position": [2.8977774979578497, 0.7764570640603049, -2.969675492591001e-23], "rotation": [[-0.25881902135343554, -1.0248114208084667e-23, -0.9659258326526163], [0.9659258326526164, -2.898163925177654e-31, -0.25881902135343554], [2.6524066611940304e-24, -1.0, 9.898918310886327e-24]], "fy": 1920.0, "fx": 1920.0}, {"id": 12, "img_name": "00006.png", "width": 768, "height": 768, "position": [2.8531695716787353, 0.9270509129743543, -2.923960783892335e-23], "rotation": [[-0.3090169709914519, -1.0248114206541384e-23, -0.9510565238929117], [0.951056523892912, -2.9502642245615814e-31, -0.3090169709914519], [3.1668409801872163e-24, -1.0, 9.74653594855744e-24]], "fy": 1920.0, "fx": 1920.0}, {"id": 13, "img_name": "00007.png", "width": 768, "height": 768, "position": [2.8007413059250346, 1.0751037797744598, -2.870231702010536e-23], "rotation": [[-0.3583679265914873, -1.0248114204727547e-23, -0.933580435308345], [0.9335804353083451, -3.001485442589047e-31, -0.35836792659148725], [3.672595208178129e-24, -1.0, 9.567439008951448e-24]], "fy": 1920.0, "fx": 1920.0}, {"id": 14, "img_name": "00008.png", "width": 768, "height": 768, "position": [2.740636402928936, 1.2202098618437502, -2.808635514624381e-23], "rotation": [[-0.40673662061458404, -1.0248114202648125e-23, -0.9135454676429787], [0.9135454676429786, -3.0516871598514337e-31, -0.4067366206145841], [4.1682831079823844e-24, -1.0, 9.362118384330931e-24]], "fy": 1920.0, "fx": 1920.0}, {"id": 15, "img_name": "00009.png", "width": 768, "height": 768, "position": [2.6730196060517093, 1.3619714334974753, -2.739341052601996e-23], "rotation": [[-0.4539904778324922, -1.0248114200308813e-23, -0.8910065353505696], [0.8910065353505697, -3.1007317961433864e-31, -0.4539904778324923], [4.6525460335214664e-24, -1.0, 9.13113684425631e-24]], "fy": 1920.0, "fx": 1920.0}, {"id": 16, "img_name": "00010.png", "width": 768, "height": 768, "position": [2.59807624823361, 1.4999999361214575, -2.6625382472471856e-23], "rotation": [[-0.4999999787071529, -1.0248114197716033e-23, -0.8660254160778696], [0.8660254160778696, -3.1484849263895033e-31, -0.4999999787071529], [5.12405665377718e-24, -1.0, 8.875127493073607e-24]], "fy": 1920.0, "fx": 1920.0}, {"id": 17, "img_name": "00011.png", "width": 768, "height": 768, "position": [2.516011744009167, 1.6339170431842467, -2.578437609710928e-23], "rotation": [[-0.5446390143947493, -1.0248114194876882e-23, -0.8386705813363889], [0.8386705813363889, -3.1948156528852795e-31, -0.5446390143947494], [5.5815225909136955e-24, -1.0, 8.594792034619416e-24]], "fy": 1920.0, "fx": 1920.0}, {"id": 18, "img_name": "00012.png", "width": 768, "height": 768, "position": [2.427051026480226, 1.7633556972038502, -2.4872696539949473e-23], "rotation": [[-0.587785232401284, -1.0248114191799145e-23, -0.8090170088267421], [0.8090170088267423, -3.239596980888855e-31, -0.587785232401284], [6.0236899625954015e-24, -1.0, 8.290898848899482e-24]], "fy": 1920.0, "fx": 1920.0}, {"id": 19, "img_name": "00013.png", "width": 768, "height": 768, "position": [2.331437930789954, 1.8879611158267686, -2.3892842651288572e-23], "rotation": [[-0.6293203719422567, -1.0248114188491262e-23, -0.7771459769299848], [0.7771459769299845, -3.2827061884738105e-31, -0.6293203719422568], [6.449346818791182e-24, -1.0, 7.964280886012513e-24]], "fy": 1920.0, "fx": 1920.0}, {"id": 20, "img_name": "00014.png", "width": 768, "height": 768, "position": [2.229434525787649, 2.007391764261776, -2.2847500142526555e-23], "rotation": [[-0.6691305880872587, -1.0248114184962291e-23, -0.7431448419292161], [0.7431448419292163, -3.3240251012704307e-31, -0.6691305880872589], [6.857326463645259e-24, -1.0, 7.615833383091835e-24]], "fy": 1920.0, "fx": 1920.0}, {"id": 21, "img_name": "00015.png", "width": 768, "height": 768, "position": [2.121320395716254, 2.1213202914030305, -2.1739534224819057e-23], "rotation": [[-0.7071067638010107, -1.0248114181221916e-23, -0.7071067985720842], [0.7071067985720845, -3.3634404345499274e-31, -0.7071067638010107], [7.246510653309407e-24, -1.0, 7.246511410522673e-24]], "fy": 1920.0, "fx": 1920.0}, {"id": 22, "img_name": "00016.png", "width": 768, "height": 768, "position": [2.007391873891373, 2.2294344270767152, -2.057198175573277e-23], "rotation": [[-0.7431448090255721, -1.0248114177280381e-23, -0.6691306246304577], [0.6691306246304577, -3.4008442298884532e-31, -0.7431448090255722], [7.615832660971608e-24, -1.0, 6.857327254160582e-24]], "fy": 1920.0, "fx": 1920.0}, {"id": 23, "img_name": "00017.png", "width": 768, "height": 768, "position": [1.8879612304722548, 2.3314378379518725, -1.9348042915429888e-23], "rotation": [[-0.7771459459839573, -1.024811417314849e-23, -0.6293204101574179], [0.629320410157418, -3.436133916200763e-31, -0.7771459459839575], [7.964280200680127e-24, -1.0, 6.4493476407262864e-24]], "fy": 1920.0, "fx": 1920.0}, {"id": 24, "img_name": "00018.png", "width": 768, "height": 768, "position": [1.763355816550988, 2.427050939769458, -1.8071072435196737e-23], "rotation": [[-0.8090169799231524, -1.0248114168837569e-23, -0.5877852721836624], [0.5877852721836624, -3.4692127684129117e-31, -0.8090169799231528], [8.290898201948912e-24, -1.0, 6.023690813981902e-24]], "fy": 1920.0, "fx": 1920.0}, {"id": 25, "img_name": "00019.png", "width": 768, "height": 768, "position": [1.6339171669059145, 2.5160116636633774, -1.674457040235849e-23], "rotation": [[-0.838670554554459, -1.0248114164359437e-23, -0.5446390556353047], [0.5446390556353048, -3.4999901292012677e-31, -0.8386705545544593], [8.59479142753942e-24, -1.0, 5.581523469702488e-24]], "fy": 1920.0, "fx": 1920.0}, {"id": 26, "img_name": "00020.png", "width": 768, "height": 768, "position": [1.500000063878542, 2.598076174473022, -1.5372172666783138e-23], "rotation": [[-0.8660253914910074, -1.0248114159726365e-23, -0.500000021292847], [0.5000000212928472, -3.52838163545952e-31, -0.8660253914910075], [8.87512692724367e-24, -1.0, 5.124057557844037e-24]], "fy": 1920.0, "fx": 1920.0}, {"id": 27, "img_name": "00021.png", "width": 768, "height": 768, "position": [1.361971564939805, 2.6730195390784974, -1.395764087526971e-23], "rotation": [[-0.891006513026166, -1.0248114154951053e-23, -0.45399052164660136], [0.45399052164660136, -3.554309466427769e-31, -0.891006513026166], [9.131136320942856e-24, -1.0, 4.652546960672893e-24]], "fy": 1920.0, "fx": 1920.0}, {"id": 28, "img_name": "00022.png", "width": 768, "height": 768, "position": [1.2202099966110507, 2.740636342926669, -1.250485216113583e-23], "rotation": [[-0.9135454476422229, -1.024811415004659e-23, -0.40673666553701676], [0.40673666553701676, -3.577702549894806e-31, -0.9135454476422231], [9.362117904683838e-24, -1.0, 4.1682840559616014e-24]], "fy": 1920.0, "fx": 1920.0}, {"id": 29, "img_name": "00023.png", "width": 768, "height": 768, "position": [1.0751039174973418, 2.800741253058175, -1.1017788517264826e-23], "rotation": [[-0.9335804176860584, -1.0248114145026416e-23, -0.35836797249911373], [0.35836797249911373, -3.598496801711892e-31, -0.9335804176860583], [9.567438574000922e-24, -1.0, 3.672596174671267e-24]], "fy": 1920.0, "fx": 1920.0}, {"id": 30, "img_name": "00024.png", "width": 768, "height": 768, "position": [0.9270510532753296, 2.853169526092188, -9.500525881740029e-24], "rotation": [[-0.9510565086973953, -1.0248114139904296e-23, -0.309017017758443], [0.309017017758443, -3.6166351740033148e-31, -0.9510565086973956], [9.74653555921117e-24, -1.0, 3.1668419628296686e-24]], "fy": 1920.0, "fx": 1920.0}, {"id": 31, "img_name": "00025.png", "width": 768, "height": 768, "position": [0.7764572065548192, 2.8977774597765613, -7.9572229659818e-24], "rotation": [[-0.96592581992552, -1.0248114134694265e-23, -0.2588190688516061], [0.2588190688516061, -3.632067995212861e-31, -0.9659258199255202], [9.898917967926999e-24, -1.0, 2.652407657576924e-24]], "fy": 1920.0, "fx": 1920.0}, {"id": 32, "img_name": "00026.png", "width": 768, "height": 768, "position": [0.6237351446020192, 2.9344427868657292, -6.392109856008523e-24], "rotation": [[-0.9781475956219096, -1.0248114129410607e-23, -0.20791171486733964], [0.20791171486733967, -3.6447529407661327e-31, -0.9781475956219096], [1.0024168130558094e-23, -1.0, 2.130703287585833e-24]], "fy": 1920.0, "fx": 1920.0}, {"id": 33, "img_name": "00027.png", "width": 768, "height": 768, "position": [0.46930346797316486, 2.963065010246717, -4.809476418064992e-24], "rotation": [[-0.9876883367489049, -1.0248114124067799e-23, -0.1564344893243882], [0.15643448932438817, -3.654655247304718e-31, -0.9876883367489053], [1.0121942745114707e-23, -1.0, 1.6031588082713224e-24]], "fy": 1920.0, "fx": 1920.0}, {"id": 34, "img_name": "00028.png", "width": 768, "height": 768, "position": [0.3135854631594798, 2.98356567839474, -3.2136605403970927e-24], "rotation": [[-0.9945218927982463, -1.024811411868049e-23, -0.10452848771982655], [0.10452848771982656, -3.6617477754340085e-31, -0.9945218927982464], [1.019197381817458e-23, -1.0, 1.071220182382023e-24]], "fy": 1920.0, "fx": 1920.0}, {"id": 35, "img_name": "00029.png", "width": 768, "height": 768, "position": [0.1570079423883327, 2.99588860040339, -1.6090362434017085e-24], "rotation": [[-0.9986295334677967, -1.0248114113263445e-23, -0.05233598079611092], [0.05233598079611092, -3.666011084852501e-31, -0.9986295334677969], [1.0234069399434248e-23, -1.0, 5.363454167168959e-25]], "fy": 1920.0, "fx": 1920.0}, {"id": 36, "img_name": "00030.png", "width": 768, "height": 768, "position": [7.376058699969682e-08, 3.000000000000002, -1.6907408369693116e-30], "rotation": [[-1.0, -1.0248114107831513e-23, -2.458686236253108e-08], [2.458686236253108e-08, -3.6674334866499965e-31, -1.0000000000000002], [1.0248114107831513e-23, -1.0, 5.658299388630564e-31]], "fy": 1920.0, "fx": 1920.0}, {"id": 37, "img_name": "00031.png", "width": 768, "height": 768, "position": [-0.15700779506933016, 2.9958886081240523, 1.6090328657192829e-24], "rotation": [[-0.9986295360413509, -1.024811410239958e-23, 0.05233593168977666], [-0.05233593168977667, -3.6660110878804513e-31, -0.9986295360413509], [1.0234069447796884e-23, -1.0, -5.36344286323434e-25]], "fy": 1920.0, "fx": 1920.0}, {"id": 38, "img_name": "00032.png", "width": 768, "height": 768, "position": [-0.313585316446441, 2.9835656938149007, 3.213657174102034e-24], "rotation": [[-0.9945218979383003, -1.0248114096982534e-23, 0.10452843881548021], [-0.10452843881548024, -3.6617477815727258e-31, -0.9945218979383003], [1.0191973914767293e-23, -1.0, -1.0712190557843506e-24]], "fy": 1920.0, "fx": 1920.0}, {"id": 39, "img_name": "00033.png", "width": 768, "height": 768, "position": [-0.46930332226822064, 2.9630650333241113, 4.809473070714203e-24], "rotation": [[-0.9876883444413703, -1.0248114091595226e-23, 0.15643444075607346], [-0.15643444075607346, -3.654655255813395e-31, -0.9876883444413703], [1.012194288967274e-23, -1.0, -1.603157687988407e-24]], "fy": 1920.0, "fx": 1920.0}, {"id": 40, "img_name": "00034.png", "width": 768, "height": 768, "position": [-0.6237350003045364, 2.9344428175371062, 6.3921065351069705e-24], "rotation": [[-0.9781476058457017, -1.0248114086252417e-23, 0.20791166676817863], [-0.20791166676817865, -3.644752950116638e-31, -0.9781476058457019], [1.0024168322685224e-23, -1.0, -2.130702176119329e-24]], "fy": 1920.0, "fx": 1920.0}, {"id": 41, "img_name": "00035.png", "width": 768, "height": 768, "position": [-0.776457064060306, 2.89777749795785, 7.957219678961946e-24], "rotation": [[-0.9659258326526166, -1.0248114080968761e-23, 0.2588190213534351], [-0.2588190213534351, -3.6320680075866954e-31, -0.9659258326526167], [9.898918207096623e-24, -1.0, -2.6524065574043206e-24]], "fy": 1920.0, "fx": 1920.0}, {"id": 42, "img_name": "00036.png", "width": 768, "height": 768, "position": [-0.9270509129743549, 2.8531695716787375, 9.500522635941504e-24], "rotation": [[-0.9510565238929117, -1.0248114075758728e-23, 0.3090169709914514], [-0.3090169709914514, -3.616635193358217e-31, -0.9510565238929122], [9.746535844767737e-24, -1.0, -3.1668408763975054e-24]], "fy": 1920.0, "fx": 1920.0}, {"id": 43, "img_name": "00037.png", "width": 768, "height": 768, "position": [-1.0751037797744594, 2.800741305925035, 1.1017785319914224e-23], "rotation": [[-0.9335804353083451, -1.0248114070636606e-23, 0.35836792659148625], [-0.35836792659148625, -3.5984968079074147e-31, -0.9335804353083453], [9.567438905161743e-24, -1.0, -3.672595104388413e-24]], "fy": 1920.0, "fx": 1920.0}, {"id": 44, "img_name": "00038.png", "width": 768, "height": 768, "position": [-1.2202098618437507, 2.7406364029289363, 1.2504849019327002e-23], "rotation": [[-0.913545467642979, -1.0248114065616434e-23, 0.4067366206145833], [-0.40673662061458343, -3.5777025812417226e-31, -0.913545467642979], [9.362118280541228e-24, -1.0, -4.168283004192672e-24]], "fy": 1920.0, "fx": 1920.0}, {"id": 45, "img_name": "00039.png", "width": 768, "height": 768, "position": [-1.3619714334974762, 2.673019606051711, 1.3957637795944259e-23], "rotation": [[-0.8910065353505698, -1.0248114060711971e-23, 0.45399047783249175], [-0.4539904778324917, -3.5543094900211122e-31, -0.8910065353505702], [9.131136740466608e-24, -1.0, -4.652545929731756e-24]], "fy": 1920.0, "fx": 1920.0}, {"id": 46, "img_name": "00040.png", "width": 768, "height": 768, "position": [-1.4999999361214564, 2.59807624823361, 1.537216965671138e-23], "rotation": [[-0.86602541607787, -1.0248114055936659e-23, 0.49999997870715185], [-0.4999999787071519, -3.5283816529187622e-31, -0.8660254160778701], [8.875127389283907e-24, -1.0, -5.124056549987463e-24]], "fy": 1920.0, "fx": 1920.0}, {"id": 47, "img_name": "00041.png", "width": 768, "height": 768, "position": [-1.6339170431842474, 2.516011744009169, 1.6744567468120936e-23], "rotation": [[-0.8386705813363892, -1.0248114051303586e-23, 0.5446390143947487], [-0.5446390143947486, -3.499990154707125e-31, -0.8386705813363896], [8.594791930829714e-24, -1.0, -5.5815224871239824e-24]], "fy": 1920.0, "fx": 1920.0}, {"id": 48, "img_name": "00042.png", "width": 768, "height": 768, "position": [-1.7633556972038513, 2.4270510264802283, 1.8071069583166055e-23], "rotation": [[-0.8090170088267428, -1.0248114046825455e-23, 0.5877852324012833], [-0.5877852324012833, -3.469212803201018e-31, -0.8090170088267429], [8.290898745109782e-24, -1.0, -6.023689858805688e-24]], "fy": 1920.0, "fx": 1920.0}, {"id": 49, "img_name": "00043.png", "width": 768, "height": 768, "position": [-1.887961115826769, 2.3314379307899533, 1.93480401517534e-23], "rotation": [[-0.7771459769299849, -1.0248114042514534e-23, 0.6293203719422563], [-0.6293203719422564, -3.43613396167488e-31, -0.7771459769299849], [7.964280782222808e-24, -1.0, -6.449346715001472e-24]], "fy": 1920.0, "fx": 1920.0}, {"id": 50, "img_name": "00044.png", "width": 768, "height": 768, "position": [-2.007391764261774, 2.22943452578765, 2.0571979086315616e-23], "rotation": [[-0.7431448419292168, -1.0248114038382645e-23, 0.669130588087258], [-0.6691305880872582, -3.400844271269667e-31, -0.7431448419292168], [7.615833279302135e-24, -1.0, -6.857326359855547e-24]], "fy": 1920.0, "fx": 1920.0}, {"id": 51, "img_name": "00045.png", "width": 768, "height": 768, "position": [-2.121320291403031, 2.121320395716254, 2.1739531655308066e-23], "rotation": [[-0.7071067985720848, -1.0248114034441108e-23, 0.7071067638010102], [-0.7071067638010102, -3.363440476109932e-31, -0.7071067985720849], [7.24651130673297e-24, -1.0, -7.246510549519697e-24]], "fy": 1920.0, "fx": 1920.0}, {"id": 52, "img_name": "00046.png", "width": 768, "height": 768, "position": [-2.2294344270767152, 2.007391873891373, 2.2847497678294674e-23], "rotation": [[-0.6691306246304581, -1.0248114030700729e-23, 0.7431448090255718], [-0.7431448090255719, -3.3240251288076696e-31, -0.6691306246304581], [6.857327150370881e-24, -1.0, -7.6158325571819e-24]], "fy": 1920.0, "fx": 1920.0}, {"id": 53, "img_name": "00047.png", "width": 768, "height": 768, "position": [-2.3314378379518703, 1.887961230472255, 2.389284029742023e-23], "rotation": [[-0.6293204101574187, -1.0248114027171761e-23, 0.7771459459839566], [-0.7771459459839566, -3.282706229043133e-31, -0.6293204101574187], [6.449347536936588e-24, -1.0, -7.964280096890415e-24]], "fy": 1920.0, "fx": 1920.0}, {"id": 54, "img_name": "00048.png", "width": 768, "height": 768, "position": [-2.4270509397694564, 1.7633558165509884, 2.4872694301226573e-23], "rotation": [[-0.587785272183663, -1.0248114023863876e-23, 0.8090169799231518], [-0.809016979923152, -3.239597019685085e-31, -0.5877852721836632], [6.0236907101922034e-24, -1.0, -8.290898098159199e-24]], "fy": 1920.0, "fx": 1920.0}, {"id": 55, "img_name": "00049.png", "width": 768, "height": 768, "position": [-2.516011663663377, 1.6339171669059152, 2.578437397799811e-23], "rotation": [[-0.5446390556353053, -1.024811402078614e-23, 0.8386705545544586], [-0.8386705545544586, -3.19481570490216e-31, -0.5446390556353055], [5.5815233659127886e-24, -1.0, -8.59479132374971e-24]], "fy": 1920.0, "fx": 1920.0}, {"id": 56, "img_name": "00050.png", "width": 768, "height": 768, "position": [-2.598076174473022, 1.500000063878543, 2.6625380477110856e-23], "rotation": [[-0.500000021292848, -1.0248114017946988e-23, 0.866025391491007], [-0.8660253914910071, -3.1484849897037517e-31, -0.5000000212928482], [5.124057454054341e-24, -1.0, -8.87512682345396e-24]], "fy": 1920.0, "fx": 1920.0}, {"id": 57, "img_name": "00051.png", "width": 768, "height": 768, "position": [-2.6730195390784983, 1.3619715649398034, 2.7393408658208425e-23], "rotation": [[-0.45399052164660175, -1.0248114015354203e-23, 0.8910065130261657], [-0.891006513026166, -3.1007318624675377e-31, -0.45399052164660186], [4.652546856883192e-24, -1.0, -9.131136217153146e-24]], "fy": 1920.0, "fx": 1920.0}, {"id": 58, "img_name": "00052.png", "width": 768, "height": 768, "position": [-2.7406363429266696, 1.2202099966110498, 2.808635340943138e-23], "rotation": [[-0.40673666553701704, -1.0248114013014899e-23, 0.9135454476422229], [-0.9135454476422229, -3.051687207137584e-31, -0.40673666553701715], [4.1682839521718986e-24, -1.0, -9.362117800894133e-24]], "fy": 1920.0, "fx": 1920.0}, {"id": 59, "img_name": "00053.png", "width": 768, "height": 768, "position": [-2.800741253058174, 1.0751039174973411, 2.8702315417382615e-23], "rotation": [[-0.3583679724991143, -1.0248114010935474e-23, 0.933580417686058], [-0.933580417686058, -3.00148548881592e-31, -0.3583679724991143], [3.672596070881566e-24, -1.0, -9.567438470211214e-24]], "fy": 1920.0, "fx": 1920.0}, {"id": 60, "img_name": "00054.png", "width": 768, "height": 768, "position": [-2.853169526092185, 0.9270510532753281, 2.923960637301335e-23], "rotation": [[-0.3090170177584432, -1.0248114009121635e-23, 0.9510565086973952], [-0.9510565086973953, -2.9502642752453365e-31, -0.30901701775844326], [3.1668418590399654e-24, -1.0, -9.74653545542146e-24]], "fy": 1920.0, "fx": 1920.0}, {"id": 61, "img_name": "00055.png", "width": 768, "height": 768, "position": [-2.89777745977656, 0.7764572065548178, 2.969675359916085e-23], "rotation": [[-0.2588190688516065, -1.0248114007578355e-23, 0.96592581992552], [-0.96592581992552, -2.8981639792458007e-31, -0.2588190688516065], [2.652407553787221e-24, -1.0, -9.898917864137292e-24]], "fy": 1920.0, "fx": 1920.0}, {"id": 62, "img_name": "00056.png", "width": 768, "height": 768, "position": [-2.9344427868657275, 0.6237351446020186, 3.0072504087054127e-23], "rotation": [[-0.20791171486734014, -1.0248114006309857e-23, 0.9781475956219093], [-0.9781475956219093, -2.8453273868895306e-31, -0.20791171486734017], [2.1307031837961322e-24, -1.0, -1.0024168026768384e-23]], "fy": 1920.0, "fx": 1920.0}, {"id": 63, "img_name": "00057.png", "width": 768, "height": 768, "position": [-2.9630650102467135, 0.46930346797316286, 3.036582793072397e-23], "rotation": [[-0.15643448932438833, -1.0248114005319628e-23, 0.9876883367489049], [-0.9876883367489051, -2.791899324413214e-31, -0.1564344893243883], [1.6031587044816179e-24, -1.0, -1.0121942641325e-23]], "fy": 1920.0, "fx": 1920.0}, {"id": 64, "img_name": "00058.png", "width": 768, "height": 768, "position": [-2.983565678394738, 0.31358546315947855, 3.0575921149903596e-23], "rotation": [[-0.1045284877198268, -1.0248114004610374e-23, 0.9945218927982463], [-0.9945218927982464, -2.7380262384097913e-31, -0.10452848771982681], [1.0712200785923196e-24, -1.0, -1.0191973714384873e-23]], "fy": 1920.0, "fx": 1920.0}, {"id": 65, "img_name": "00059.png", "width": 768, "height": 768, "position": [-2.9958886004033904, 0.15700794238833152, 3.070220789368261e-23], "rotation": [[-0.052335980796111105, -1.0248114004184045e-23, 0.9986295334677969], [-0.9986295334677969, -2.683855790454214e-31, -0.052335980796111105], [5.363453129271919e-25, -1.0, -1.0234069295644543e-23]], "fy": 1920.0, "fx": 1920.0}, {"id": 66, "img_name": "00060.png", "width": 768, "height": 768, "position": [-3.0, 7.376058608343788e-08, 3.07443420188744e-23], "rotation": [[-2.4586862666848376e-08, -1.0248114004041805e-23, 1.0], [-1.0000000000000002, -2.6295364546216286e-31, -2.4586862666848376e-08], [4.620402362270348e-31, -1.0, -1.0248114004041807e-23]], "fy": 1920.0, "fx": 1920.0}, {"id": 67, "img_name": "00061.png", "width": 768, "height": 768, "position": [-2.9958886081240523, -0.15700779506933185, 3.070220803877051e-23], "rotation": [[0.052335931689776655, -1.0248114004184043e-23, 0.9986295360413509], [-0.9986295360413509, -2.575217120368646e-31, 0.052335931689776675], [-5.363443901131396e-25, -1.0, -1.0234069344007178e-23]], "fy": 1920.0, "fx": 1920.0}, {"id": 68, "img_name": "00062.png", "width": 768, "height": 768, "position": [-2.9835656938149, -0.3135853164464423, 3.057592143968173e-23], "rotation": [[0.10452843881548012, -1.0248114004610376e-23, 0.9945218979383003], [-0.9945218979383003, -2.5210466706403047e-31, 0.10452843881548014], [-1.0712191595740554e-24, -1.0, -1.0191973810977586e-23]], "fy": 1920.0, "fx": 1920.0}, {"id": 69, "img_name": "00063.png", "width": 768, "height": 768, "position": [-2.9630650333241113, -0.46930332226822236, 3.036582836439809e-23], "rotation": [[0.15643444075607352, -1.0248114005319627e-23, 0.9876883444413703], [-0.9876883444413703, -2.4671735842958724e-31, 0.15643444075607352], [-1.6031577917781134e-24, -1.0, -1.0121942785883035e-23]], "fy": 1920.0, "fx": 1920.0}, {"id": 70, "img_name": "00064.png", "width": 768, "height": 768, "position": [-2.9344428175371053, -0.623735000304538, 3.0072504663435524e-23], "rotation": [[0.2079116667681787, -1.0248114006309857e-23, 0.9781476058457016], [-0.9781476058457018, -2.413745521547166e-31, 0.2079116667681787], [-2.130702279909035e-24, -1.0, -1.0024168218895517e-23]], "fy": 1920.0, "fx": 1920.0}, {"id": 71, "img_name": "00065.png", "width": 768, "height": 768, "position": [-2.8977774979578506, -0.7764570640603073, 2.969675431666973e-23], "rotation": [[0.25881902135343504, -1.0248114007578354e-23, 0.9659258326526166], [-0.9659258326526167, -2.360908930176813e-31, 0.2588190213534351], [-2.6524066611940253e-24, -1.0, -9.898918103306917e-24]], "fy": 1920.0, "fx": 1920.0}, {"id": 72, "img_name": "00066.png", "width": 768, "height": 768, "position": [-2.853169571678735, -0.927050912974357, 2.923960722968307e-23], "rotation": [[0.30901697099145164, -1.0248114009121634e-23, 0.9510565238929118], [-0.951056523892912, -2.3088086224732366e-31, 0.3090169709914517], [-3.1668409801872145e-24, -1.0, -9.74653574097803e-24]], "fy": 1920.0, "fx": 1920.0}, {"id": 73, "img_name": "00067.png", "width": 768, "height": 768, "position": [-2.800741305925036, -1.0751037797744625, 2.870231641086509e-23], "rotation": [[0.35836792659148686, -1.0248114010935472e-23, 0.9335804353083451], [-0.9335804353083453, -2.2575874126083694e-31, 0.3583679265914868], [-3.6725952081781254e-24, -1.0, -9.567438801372036e-24]], "fy": 1920.0, "fx": 1920.0}, {"id": 74, "img_name": "00068.png", "width": 768, "height": 768, "position": [-2.7406364029289376, -1.2202098618437534, 2.808635453700354e-23], "rotation": [[0.40673662061458365, -1.0248114013014893e-23, 0.9135454676429788], [-0.913545467642979, -2.2073856895772676e-31, 0.40673662061458377], [-4.16828310798238e-24, -1.0, -9.362118176751521e-24]], "fy": 1920.0, "fx": 1920.0}, {"id": 75, "img_name": "00069.png", "width": 768, "height": 768, "position": [-2.673019606051709, -1.3619714334974788, 2.7393409916779676e-23], "rotation": [[0.4539904778324921, -1.0248114015354203e-23, 0.8910065353505697], [-0.8910065353505697, -2.1583410540409992e-31, 0.4539904778324922], [-4.6525460335214664e-24, -1.0, -9.1311366366769e-24]], "fy": 1920.0, "fx": 1920.0}, {"id": 76, "img_name": "00070.png", "width": 768, "height": 768, "position": [-2.59807624823361, -1.4999999361214593, 2.662538186323157e-23], "rotation": [[0.49999997870715246, -1.0248114017946988e-23, 0.8660254160778698], [-0.8660254160778698, -2.1105879228937546e-31, 0.4999999787071525], [-5.124056653777175e-24, -1.0, -8.875127285494196e-24]], "fy": 1920.0, "fx": 1920.0}, {"id": 77, "img_name": "00071.png", "width": 768, "height": 768, "position": [-2.516011744009168, -1.63391704318425, 2.5784375487869004e-23], "rotation": [[0.5446390143947492, -1.0248114020786138e-23, 0.8386705813363889], [-0.8386705813363892, -2.0642571986100147e-31, 0.5446390143947493], [-5.581522590913693e-24, -1.0, -8.594791827040006e-24]], "fy": 1920.0, "fx": 1920.0}, {"id": 78, "img_name": "00072.png", "width": 768, "height": 768, "position": [-2.4270510264802265, -1.763355697203853, 2.4872695930709197e-23], "rotation": [[0.5877852324012837, -1.0248114023863871e-23, 0.8090170088267422], [-0.8090170088267424, -2.0194758610940955e-31, 0.5877852324012838], [-6.023689962595399e-24, -1.0, -8.290898641320072e-24]], "fy": 1920.0, "fx": 1920.0}, {"id": 79, "img_name": "00073.png", "width": 768, "height": 768, "position": [-2.3314379307899546, -1.887961115826772, 2.389284204204829e-23], "rotation": [[0.6293203719422567, -1.0248114027171758e-23, 0.7771459769299848], [-0.7771459769299845, -1.9763666716383636e-31, 0.6293203719422568], [-6.4493468187911806e-24, -1.0, -7.964280678433102e-24]], "fy": 1920.0, "fx": 1920.0}, {"id": 80, "img_name": "00074.png", "width": 768, "height": 768, "position": [-2.229434525787649, -2.0073917642617785, 2.2847499533286253e-23], "rotation": [[0.6691305880872586, -1.0248114030700724e-23, 0.7431448419292163], [-0.7431448419292165, -1.9350477729676956e-31, 0.6691305880872588], [-6.857326463645258e-24, -1.0, -7.615833175512424e-24]], "fy": 1920.0, "fx": 1920.0}, {"id": 81, "img_name": "00075.png", "width": 768, "height": 768, "position": [-2.121320395716254, -2.121320291403034, 2.1739533615578767e-23], "rotation": [[0.7071067638010105, -1.0248114034441105e-23, 0.7071067985720844], [-0.7071067985720846, -1.8956323962690542e-31, 0.7071067638010105], [-7.246510653309405e-24, -1.0, -7.246511202943261e-24]], "fy": 1920.0, "fx": 1920.0}, {"id": 82, "img_name": "00076.png", "width": 768, "height": 768, "position": [-2.007391873891373, -2.229434427076719, 2.0571981146492494e-23], "rotation": [[0.7431448090255721, -1.024811403838264e-23, 0.6691306246304577], [-0.6691306246304578, -1.8582286189689078e-31, 0.7431448090255721], [-7.615832660971608e-24, -1.0, -6.857327046581172e-24]], "fy": 1920.0, "fx": 1920.0}, {"id": 83, "img_name": "00077.png", "width": 768, "height": 768, "position": [-1.887961230472256, -2.3314378379518743, 1.9348042306189627e-23], "rotation": [[0.7771459459839569, -1.0248114042514529e-23, 0.6293204101574184], [-0.6293204101574184, -1.822938940039027e-31, 0.7771459459839571], [-7.964280200680126e-24, -1.0, -6.449347433146879e-24]], "fy": 1920.0, "fx": 1920.0}, {"id": 84, "img_name": "00078.png", "width": 768, "height": 768, "position": [-1.7633558165509882, -2.4270509397694604, 1.807107182595646e-23], "rotation": [[0.8090169799231524, -1.0248114046825449e-23, 0.5877852721836624], [-0.5877852721836625, -1.7898600818228856e-31, 0.8090169799231525], [-8.29089820194891e-24, -1.0, -6.023690606402491e-24]], "fy": 1920.0, "fx": 1920.0}, {"id": 85, "img_name": "00079.png", "width": 768, "height": 768, "position": [-1.6339171669059163, -2.51601166366338, 1.674456979311823e-23], "rotation": [[0.8386705545544586, -1.024811405130358e-23, 0.5446390556353052], [-0.5446390556353053, -1.7590827391992441e-31, 0.8386705545544589], [-8.594791427539414e-24, -1.0, -5.581523262123081e-24]], "fy": 1920.0, "fx": 1920.0}, {"id": 86, "img_name": "00080.png", "width": 768, "height": 768, "position": [-1.5000000638785433, -2.598076174473025, 1.5372172057542875e-23], "rotation": [[0.8660253914910073, -1.0248114055936654e-23, 0.5000000212928475], [-0.5000000212928475, -1.7306912299425196e-31, 0.8660253914910074], [-8.87512692724367e-24, -1.0, -5.124057350264629e-24]], "fy": 1920.0, "fx": 1920.0}, {"id": 87, "img_name": "00081.png", "width": 768, "height": 768, "position": [-1.3619715649398052, -2.6730195390785014, 1.3957640266029434e-23], "rotation": [[0.891006513026166, -1.0248114060711968e-23, 0.45399052164660136], [-0.45399052164660136, -1.7047633894568816e-31, 0.891006513026166], [-9.131136320942856e-24, -1.0, -4.6525467530934816e-24]], "fy": 1920.0, "fx": 1920.0}, {"id": 88, "img_name": "00082.png", "width": 768, "height": 768, "position": [-1.2202099966110516, -2.740636342926672, 1.2504851551895561e-23], "rotation": [[0.9135454476422228, -1.0248114065616432e-23, 0.40673666553701704], [-0.4067366655370171, -1.6813702917808585e-31, 0.9135454476422229], [-9.362117904683837e-24, -1.0, -4.168283848382193e-24]], "fy": 1920.0, "fx": 1920.0}, {"id": 89, "img_name": "00083.png", "width": 768, "height": 768, "position": [-1.0751039174973422, -2.800741253058178, 1.1017787908024555e-23], "rotation": [[0.9335804176860583, -1.0248114070636604e-23, 0.35836797249911384], [-0.35836797249911384, -1.6605760570981232e-31, 0.9335804176860583], [-9.56743857400092e-24, -1.0, -3.672595967091856e-24]], "fy": 1920.0, "fx": 1920.0}, {"id": 90, "img_name": "00084.png", "width": 768, "height": 768, "position": [-0.9270510532753299, -2.8531695260921914, 9.500525272499756e-24], "rotation": [[0.9510565086973953, -1.0248114075758728e-23, 0.3090170177584431], [-0.3090170177584431, -1.6424376693580937e-31, 0.9510565086973956], [-9.746535559211167e-24, -1.0, -3.1668417552502574e-24]], "fy": 1920.0, "fx": 1920.0}, {"id": 91, "img_name": "00085.png", "width": 768, "height": 768, "position": [-0.7764572065548206, -2.897777459776563, 7.957222356741534e-24], "rotation": [[0.9659258199255198, -1.0248114080968755e-23, 0.25881906885160666], [-0.25881906885160666, -1.6270048618127695e-31, 0.96592581992552], [-9.898917967926997e-24, -1.0, -2.652407449997517e-24]], "fy": 1920.0, "fx": 1920.0}, {"id": 92, "img_name": "00086.png", "width": 768, "height": 768, "position": [-0.6237351446020208, -2.9344427868657323, 6.39210924676826e-24], "rotation": [[0.9781475956219093, -1.0248114086252413e-23, 0.20791171486734009], [-0.2079117148673401, -1.6143199172895912e-31, 0.9781475956219096], [-1.0024168130558089e-23, -1.0, -2.1307030800064253e-24]], "fy": 1920.0, "fx": 1920.0}, {"id": 93, "img_name": "00087.png", "width": 768, "height": 768, "position": [-0.4693034679731647, -2.9630650102467193, 4.809475808824714e-24], "rotation": [[0.987688336748905, -1.024811409159522e-23, 0.15643448932438814], [-0.15643448932438814, -1.6044176095354057e-31, 0.9876883367489051], [-1.0121942745114707e-23, -1.0, -1.6031586006919106e-24]], "fy": 1920.0, "fx": 1920.0}, {"id": 94, "img_name": "00088.png", "width": 768, "height": 768, "position": [-0.31358546315948144, -2.983565678394743, 3.2136599311568314e-24], "rotation": [[0.9945218927982462, -1.0248114096982526e-23, 0.10452848771982706], [-0.10452848771982709, -1.597325082226781e-31, 0.9945218927982464], [-1.0191973818174578e-23, -1.0, -1.0712199748026166e-24]], "fy": 1920.0, "fx": 1920.0}, {"id": 95, "img_name": "00089.png", "width": 768, "height": 768, "position": [-0.1570079423883335, -2.995888600403395, 1.609035634161439e-24], "rotation": [[0.9986295334677967, -1.0248114102399572e-23, 0.05233598079611109], [-0.05233598079611109, -1.5930617753131772e-31, 0.9986295334677969], [-1.0234069399434248e-23, -1.0, -5.36345209137486e-25]], "fy": 1920.0, "fx": 1920.0}, {"id": 96, "img_name": "00090.png", "width": 768, "height": 768, "position": [-7.376058776667891e-08, -3.000000000000005, 1.0815005677394028e-30], "rotation": [[1.0, -1.0248114107831509e-23, 2.4586862559594126e-08], [-2.4586862559594126e-08, -1.5916393715559965e-31, 1.0000000000000002], [-1.0248114107831512e-23, -1.0, -3.5825052937318115e-31]], "fy": 1920.0, "fx": 1920.0}, {"id": 97, "img_name": "00091.png", "width": 768, "height": 768, "position": [0.15700779506932863, -2.9958886081240577, -1.6090334749595441e-24], "rotation": [[0.9986295360413509, -1.024811411326344e-23, -0.0523359316897762], [0.052335931689776204, -1.5930617729989595e-31, 0.9986295360413511], [-1.0234069447796884e-23, -1.0, 5.363444939028408e-25]], "fy": 1920.0, "fx": 1920.0}, {"id": 98, "img_name": "00092.png", "width": 768, "height": 768, "position": [0.3135853164464406, -2.983565693814904, -3.213657783342307e-24], "rotation": [[0.9945218979383003, -1.0248114118680486e-23, -0.10452843881548014], [0.10452843881548017, -1.5973250795224535e-31, 0.9945218979383003], [-1.0191973914767291e-23, -1.0, 1.0712192633637612e-24]], "fy": 1920.0, "fx": 1920.0}, {"id": 99, "img_name": "00093.png", "width": 768, "height": 768, "position": [0.46930332226822025, -2.963065033324114, -4.809473679954476e-24], "rotation": [[0.9876883444413703, -1.0248114124067794e-23, -0.15643444075607338], [0.15643444075607338, -1.6044176020761091e-31, 0.9876883444413703], [-1.0121942889672742e-23, -1.0, 1.6031578955678177e-24]], "fy": 1920.0, "fx": 1920.0}, {"id": 100, "img_name": "00094.png", "width": 768, "height": 768, "position": [0.6237350003045344, -2.9344428175371093, -6.3921071443472255e-24], "rotation": [[0.9781476058457017, -1.02481141294106e-23, -0.207911666768178], [0.207911666768178, -1.6143199090107549e-31, 0.9781476058457019], [-1.0024168322685224e-23, -1.0, 2.1307023836987338e-24]], "fy": 1920.0, "fx": 1920.0}, {"id": 101, "img_name": "00095.png", "width": 768, "height": 768, "position": [0.7764570640603048, -2.8977774979578546, -7.957220288202211e-24], "rotation": [[0.9659258326526168, -1.0248114134694262e-23, -0.2588190213534348], [0.2588190213534348, -1.6270048442195216e-31, 0.9659258326526169], [-9.898918207096625e-24, -1.0, 2.652406764983729e-24]], "fy": 1920.0, "fx": 1920.0}, {"id": 102, "img_name": "00096.png", "width": 768, "height": 768, "position": [0.9270509129743547, -2.8531695716787406, -9.500523245181779e-24], "rotation": [[0.9510565238929117, -1.0248114139904288e-23, -0.3090169709914514], [0.3090169709914514, -1.642437657170232e-31, 0.9510565238929122], [-9.746535844767737e-24, -1.0, 3.1668410839769173e-24]], "fy": 1920.0, "fx": 1920.0}, {"id": 103, "img_name": "00097.png", "width": 768, "height": 768, "position": [1.0751037797744583, -2.8007413059250394, -1.1017785929154493e-23], "rotation": [[0.9335804353083453, -1.024811414502641e-23, -0.358367926591486], [0.358367926591486, -1.6605760335722717e-31, 0.9335804353083454], [-9.567438905161744e-24, -1.0, 3.6725953119678224e-24]], "fy": 1920.0, "fx": 1920.0}, {"id": 104, "img_name": "00098.png", "width": 768, "height": 768, "position": [1.22020986184375, -2.7406364029289407, -1.250484962856727e-23], "rotation": [[0.9135454676429791, -1.0248114150046585e-23, -0.4067366206145832], [0.40673662061458327, -1.6813702748986524e-31, 0.9135454676429792], [-9.36211828054123e-24, -1.0, 4.168283211772082e-24]], "fy": 1920.0, "fx": 1920.0}, {"id": 105, "img_name": "00099.png", "width": 768, "height": 768, "position": [1.361971433497476, -2.6730196060517124, -1.3957638405184534e-23], "rotation": [[0.8910065353505697, -1.0248114154951047e-23, -0.4539904778324918], [0.4539904778324919, -1.7047633798015218e-31, 0.8910065353505697], [-9.131136740466607e-24, -1.0, 4.6525461373111685e-24]], "fy": 1920.0, "fx": 1920.0}, {"id": 106, "img_name": "00100.png", "width": 768, "height": 768, "position": [1.4999999361214558, -2.5980762482336144, -1.5372170265951645e-23], "rotation": [[0.8660254160778703, -1.0248114159726361e-23, -0.4999999787071517], [0.49999997870715174, -1.7306912027270482e-31, 0.8660254160778703], [-8.875127389283908e-24, -1.0, 5.124056757566873e-24]], "fy": 1920.0, "fx": 1920.0}, {"id": 107, "img_name": "00101.png", "width": 768, "he