[{"id": 0, "img_name": "000", "width": 768, "height": 768, "position": [2.465190328815662e-32, -3.0, -0.0], "rotation": [[1.0, -1.2246467991473532e-16, -1.2246467991473532e-16], [1.2246467991473532e-16, 0.0, 1.0], [-1.2246467991473532e-16, -1.0, 1.4997597826618576e-32]], "fy": 1920.0, "fx": 1920.0}, {"id": 1, "img_name": "001", "width": 768, "height": 768, "position": [0.2614672282429746, -2.988584094275237, -0.0], "rotation": [[0.9961946980917455, -1.224646799147353e-16, -0.0871557427476582], [0.0871557427476582, 1.5348809595957558e-33, 0.9961946980917455], [-1.21998664834562e-16, -1.0, 1.0673500138322975e-17]], "fy": 1920.0, "fx": 1920.0}, {"id": 2, "img_name": "002", "width": 768, "height": 768, "position": [0.520944533000791, -2.9544232590366235, 1.232595164407831e-32], "rotation": [[0.984807753012208, -1.2246467991473535e-16, -0.17364817766693028], [0.17364817766693028, -3.0346731855854724e-33, 0.9848077530122079], [-1.2060416625018976e-16, -1.0, 2.1265768495757704e-17]], "fy": 1920.0, "fx": 1920.0}, {"id": 3, "img_name": "003", "width": 768, "height": 768, "position": [0.7764571353075621, -2.8977774788672055, -0.0], "rotation": [[0.9659258262890681, -1.224646799147353e-16, -0.25881904510252096], [0.2588190451025211, 5.95297751330272e-33, 0.9659258262890682], [-1.1829179713786696e-16, -1.0, 3.169619151431768e-17]], "fy": 1920.0, "fx": 1920.0}, {"id": 4, "img_name": "004", "width": 768, "height": 768, "position": [1.0260604299770062, -2.819077862357725, -0.0], "rotation": [[0.9396926207859082, -1.2246467991473532e-16, -0.3420201433256689], [0.3420201433256688, 0.0, 0.9396926207859083], [-1.1507915602278505e-16, -1.0, 4.1885387376769936e-17]], "fy": 1920.0, "fx": 1920.0}, {"id": 5, "img_name": "005", "width": 768, "height": 768, "position": [1.267854785222098, -2.7189233611099493, -0.0], "rotation": [[0.9063077870366499, -1.224646799147353e-16, -0.42261826174069944], [0.42261826174069944, 5.585552978832684e-33, 0.9063077870366498], [-1.1099069304367543e-16, -1.0, 5.1755810150196594e-17]], "fy": 1920.0, "fx": 1920.0}, {"id": 6, "img_name": "006", "width": 768, "height": 768, "position": [1.4999999999999998, -2.598076211353316, -0.0], "rotation": [[0.8660254037844387, -1.2246467991473532e-16, -0.49999999999999994], [0.4999999999999999, 0.0, 0.8660254037844387], [-1.060575238724907e-16, -1.0, 6.123233995736765e-17]], "fy": 1920.0, "fx": 1920.0}, {"id": 7, "img_name": "007", "width": 768, "height": 768, "position": [1.7207293090531381, -2.457456132866975, 2.465190328815662e-32], "rotation": [[0.8191520442889919, -1.224646799147353e-16, -0.5735764363510459], [0.5735764363510459, 1.0096828487054008e-32, 0.8191520442889919], [-1.0031719290535249e-16, -1.0, 7.024285468436539e-17]], "fy": 1920.0, "fx": 1920.0}, {"id": 8, "img_name": "008", "width": 768, "height": 768, "position": [1.9283628290596184, -2.2981333293569346, -4.930380657631324e-32], "rotation": [[0.7660444431189779, -1.2246467991473535e-16, -0.6427876096865396], [0.6427876096865396, 0.0, 0.7660444431189779], [-9.381338752702731e-17, -1.0, 7.871877887341989e-17]], "fy": 1920.0, "fx": 1920.0}, {"id": 9, "img_name": "009", "width": 768, "height": 768, "position": [2.121320343559643, -2.1213203435596424, -0.0], "rotation": [[0.7071067811865475, -1.2246467991473532e-16, -0.7071067811865476], [0.7071067811865476, 0.0, 0.7071067811865475], [-8.659560562354932e-17, -1.0, 8.659560562354934e-17]], "fy": 1920.0, "fx": 1920.0}, {"id": 10, "img_name": "010", "width": 768, "height": 768, "position": [2.2981333293569346, -1.9283628290596178, -1.4791141972893971e-31], "rotation": [[0.6427876096865394, -1.2246467991473532e-16, -0.7660444431189781], [0.766044443118978, 0.0, 0.6427876096865394], [-7.871877887341985e-17, -1.0, 9.381338752702731e-17]], "fy": 1920.0, "fx": 1920.0}, {"id": 11, "img_name": "011", "width": 768, "height": 768, "position": [2.4574561328669753, -1.7207293090531388, 4.930380657631324e-32], "rotation": [[0.5735764363510462, -1.2246467991473532e-16, -0.8191520442889916], [0.8191520442889917, -1.0096828487054005e-32, 0.5735764363510462], [-7.024285468436544e-17, -1.0, 1.0031719290535245e-16]], "fy": 1920.0, "fx": 1920.0}, {"id": 12, "img_name": "012", "width": 768, "height": 768, "position": [2.598076211353316, -1.5000000000000007, -0.0], "rotation": [[0.49999999999999983, -1.2246467991473532e-16, -0.8660254037844387], [0.8660254037844387, 1.0674587249590384e-32, 0.49999999999999983], [-6.123233995736764e-17, -1.0, 1.0605752387249069e-16]], "fy": 1920.0, "fx": 1920.0}, {"id": 13, "img_name": "013", "width": 768, "height": 768, "position": [2.7189233611099497, -1.2678547852220983, -4.930380657631324e-32], "rotation": [[0.4226182617406994, -1.2246467991473532e-16, -0.90630778703665], [0.90630778703665, 0.0, 0.4226182617406994], [-5.175581015019658e-17, -1.0, 1.1099069304367545e-16]], "fy": 1920.0, "fx": 1920.0}, {"id": 14, "img_name": "014", "width": 768, "height": 768, "position": [2.8190778623577253, -1.0260604299770062, 4.930380657631324e-32], "rotation": [[0.34202014332566866, -1.2246467991473532e-16, -0.9396926207859083], [0.9396926207859084, 0.0, 0.34202014332566866], [-4.1885387376769905e-17, -1.0, 1.1507915602278503e-16]], "fy": 1920.0, "fx": 1920.0}, {"id": 15, "img_name": "015", "width": 768, "height": 768, "position": [2.897777478867205, -0.7764571353075621, -9.860761315262648e-32], "rotation": [[0.25881904510252085, -1.2246467991473532e-16, -0.9659258262890684], [0.9659258262890684, -5.952977513302721e-33, 0.25881904510252085], [-3.169619151431767e-17, -1.0, 1.18291797137867e-16]], "fy": 1920.0, "fx": 1920.0}, {"id": 16, "img_name": "016", "width": 768, "height": 768, "position": [2.954423259036624, -0.5209445330007912, -0.0], "rotation": [[0.1736481776669303, -1.2246467991473532e-16, -0.984807753012208], [0.9848077530122079, 0.0, 0.1736481776669303], [-2.126576849575771e-17, -1.0, 1.2060416625018976e-16]], "fy": 1920.0, "fx": 1920.0}, {"id": 17, "img_name": "017", "width": 768, "height": 768, "position": [2.9885840942752364, -0.2614672282429744, -0.0], "rotation": [[0.08715574274765824, -1.2246467991473532e-16, -0.9961946980917455], [0.9961946980917455, 1.5348809595957558e-33, 0.08715574274765824], [-1.0673500138322978e-17, -1.0, 1.2199866483456202e-16]], "fy": 1920.0, "fx": 1920.0}, {"id": 18, "img_name": "018", "width": 768, "height": 768, "position": [3.0, -1.8369701987210297e-16, 4.930380657631324e-32], "rotation": [[-6.123233995736766e-17, -1.2246467991473532e-16, -1.0], [1.0, 0.0, -6.123233995736766e-17], [7.498798913309288e-33, -1.0, 1.2246467991473532e-16]], "fy": 1920.0, "fx": 1920.0}, {"id": 19, "img_name": "019", "width": 768, "height": 768, "position": [2.9885840942752364, 0.26146722824297464, -0.0], "rotation": [[-0.08715574274765814, -1.2246467991473532e-16, -0.9961946980917455], [0.9961946980917455, 0.0, -0.08715574274765814], [1.0673500138322967e-17, -1.0, 1.2199866483456202e-16]], "fy": 1920.0, "fx": 1920.0}, {"id": 20, "img_name": "020", "width": 768, "height": 768, "position": [2.954423259036624, 0.5209445330007909, -0.0], "rotation": [[-0.17364817766693041, -1.2246467991473532e-16, -0.984807753012208], [0.9848077530122079, 0.0, -0.17364817766693041], [2.1265768495757722e-17, -1.0, 1.2060416625018976e-16]], "fy": 1920.0, "fx": 1920.0}, {"id": 21, "img_name": "021", "width": 768, "height": 768, "position": [2.897777478867205, 0.7764571353075626, -4.930380657631324e-32], "rotation": [[-0.25881904510252074, -1.2246467991473532e-16, -0.9659258262890682], [0.9659258262890684, 5.952977513302721e-33, -0.25881904510252074], [3.1696191514317656e-17, -1.0, 1.18291797137867e-16]], "fy": 1920.0, "fx": 1920.0}, {"id": 22, "img_name": "022", "width": 768, "height": 768, "position": [2.8190778623577253, 1.0260604299770062, 4.930380657631324e-32], "rotation": [[-0.3420201433256688, -1.2246467991473532e-16, -0.9396926207859082], [0.9396926207859083, -5.791302902052161e-33, -0.3420201433256688], [4.188538737676992e-17, -1.0, 1.15079156022785e-16]], "fy": 1920.0, "fx": 1920.0}, {"id": 23, "img_name": "023", "width": 768, "height": 768, "position": [2.7189233611099506, 1.2678547852220983, -0.0], "rotation": [[-0.42261826174069944, -1.2246467991473532e-16, -0.9063077870366499], [0.90630778703665, 5.5855529788326855e-33, -0.42261826174069944], [5.1755810150196594e-17, -1.0, 1.1099069304367543e-16]], "fy": 1920.0, "fx": 1920.0}, {"id": 24, "img_name": "024", "width": 768, "height": 768, "position": [2.598076211353315, 1.4999999999999993, -0.0], "rotation": [[-0.5000000000000001, -1.2246467991473532e-16, -0.8660254037844386], [0.8660254037844385, 0.0, -0.5000000000000001], [6.123233995736767e-17, -1.0, 1.0605752387249069e-16]], "fy": 1920.0, "fx": 1920.0}, {"id": 25, "img_name": "025", "width": 768, "height": 768, "position": [2.4574561328669753, 1.7207293090531384, -4.930380657631324e-32], "rotation": [[-0.5735764363510462, -1.2246467991473532e-16, -0.8191520442889917], [0.8191520442889918, 1.0096828487054007e-32, -0.5735764363510462], [7.024285468436542e-17, -1.0, 1.0031719290535246e-16]], "fy": 1920.0, "fx": 1920.0}, {"id": 26, "img_name": "026", "width": 768, "height": 768, "position": [2.2981333293569346, 1.9283628290596178, -1.4791141972893971e-31], "rotation": [[-0.6427876096865394, -1.2246467991473532e-16, -0.7660444431189781], [0.766044443118978, 0.0, -0.6427876096865394], [7.871877887341985e-17, -1.0, 9.381338752702731e-17]], "fy": 1920.0, "fx": 1920.0}, {"id": 27, "img_name": "027", "width": 768, "height": 768, "position": [2.121320343559643, 2.1213203435596424, -0.0], "rotation": [[-0.7071067811865476, -1.2246467991473532e-16, -0.7071067811865475], [0.7071067811865475, -0.0, -0.7071067811865476], [8.659560562354934e-17, -1.0, 8.659560562354932e-17]], "fy": 1920.0, "fx": 1920.0}, {"id": 28, "img_name": "028", "width": 768, "height": 768, "position": [1.9283628290596184, 2.2981333293569333, 4.930380657631324e-32], "rotation": [[-0.766044443118978, -1.2246467991473532e-16, -0.6427876096865393], [0.6427876096865393, -0.0, -0.7660444431189778], [9.381338752702731e-17, -1.0, 7.871877887341984e-17]], "fy": 1920.0, "fx": 1920.0}, {"id": 29, "img_name": "029", "width": 768, "height": 768, "position": [1.7207293090531375, 2.4574561328669757, 2.465190328815662e-32], "rotation": [[-0.8191520442889917, -1.224646799147353e-16, -0.5735764363510459], [0.5735764363510459, -1.0096828487054007e-32, -0.8191520442889918], [1.0031719290535247e-16, -1.0, 7.02428546843654e-17]], "fy": 1920.0, "fx": 1920.0}, {"id": 30, "img_name": "030", "width": 768, "height": 768, "position": [1.4999999999999998, 2.598076211353316, -0.0], "rotation": [[-0.8660254037844387, -1.2246467991473532e-16, -0.49999999999999994], [0.4999999999999999, -0.0, -0.8660254037844387], [1.060575238724907e-16, -1.0, 6.123233995736765e-17]], "fy": 1920.0, "fx": 1920.0}, {"id": 31, "img_name": "031", "width": 768, "height": 768, "position": [1.2678547852220983, 2.7189233611099493, -0.0], "rotation": [[-0.90630778703665, -1.224646799147353e-16, -0.42261826174069933], [0.4226182617406994, -1.1171105957665368e-32, -0.9063077870366498], [1.1099069304367545e-16, -1.0, 5.175581015019658e-17]], "fy": 1920.0, "fx": 1920.0}, {"id": 32, "img_name": "032", "width": 768, "height": 768, "position": [1.0260604299770069, 2.8190778623577253, -2.465190328815662e-32], "rotation": [[-0.9396926207859085, -1.2246467991473535e-16, -0.34202014332566877], [0.3420201433256687, 5.791302902052162e-33, -0.9396926207859084], [1.1507915602278505e-16, -1.0, 4.1885387376769924e-17]], "fy": 1920.0, "fx": 1920.0}, {"id": 33, "img_name": "033", "width": 768, "height": 768, "position": [0.7764571353075631, 2.897777478867204, -0.0], "rotation": [[-0.9659258262890684, -1.2246467991473532e-16, -0.25881904510252074], [0.25881904510252074, -0.0, -0.9659258262890682], [1.18291797137867e-16, -1.0, 3.169619151431765e-17]], "fy": 1920.0, "fx": 1920.0}, {"id": 34, "img_name": "034", "width": 768, "height": 768, "position": [0.5209445330007907, 2.9544232590366235, 1.232595164407831e-32], "rotation": [[-0.984807753012208, -1.2246467991473535e-16, -0.17364817766693033], [0.17364817766693033, 3.0346731855854724e-33, -0.9848077530122079], [1.2060416625018976e-16, -1.0, 2.126576849575771e-17]], "fy": 1920.0, "fx": 1920.0}, {"id": 35, "img_name": "035", "width": 768, "height": 768, "position": [0.26146722824297464, 2.988584094275237, -0.0], "rotation": [[-0.9961946980917455, -1.224646799147353e-16, -0.08715574274765817], [0.08715574274765817, -1.5348809595957558e-33, -0.9961946980917455], [1.21998664834562e-16, -1.0, 1.0673500138322972e-17]], "fy": 1920.0, "fx": 1920.0}, {"id": 36, "img_name": "036", "width": 768, "height": 768, "position": [3.6739403974420594e-16, 3.0, -0.0], "rotation": [[-1.0, -1.2246467991473532e-16, -0.0], [-0.0, -0.0, -1.0], [1.2246467991473532e-16, -1.0, -0.0]], "fy": 1920.0, "fx": 1920.0}, {"id": 37, "img_name": "037", "width": 768, "height": 768, "position": [-0.2614672282429739, 2.988584094275237, -0.0], "rotation": [[-0.9961946980917455, -1.224646799147353e-16, 0.08715574274765817], [-0.08715574274765817, 1.5348809595957558e-33, -0.9961946980917455], [1.21998664834562e-16, -1.0, -1.0673500138322972e-17]], "fy": 1920.0, "fx": 1920.0}, {"id": 38, "img_name": "038", "width": 768, "height": 768, "position": [-0.5209445330007914, 2.9544232590366235, -1.232595164407831e-32], "rotation": [[-0.984807753012208, -1.2246467991473535e-16, 0.17364817766693033], [-0.17364817766693033, -3.0346731855854724e-33, -0.9848077530122079], [1.2060416625018976e-16, -1.0, -2.126576849575771e-17]], "fy": 1920.0, "fx": 1920.0}, {"id": 39, "img_name": "039", "width": 768, "height": 768, "position": [-0.7764571353075626, 2.897777478867205, 1.232595164407831e-32], "rotation": [[-0.9659258262890684, -1.2246467991473532e-16, 0.25881904510252074], [-0.25881904510252074, -0.0, -0.9659258262890682], [1.18291797137867e-16, -1.0, -3.169619151431765e-17]], "fy": 1920.0, "fx": 1920.0}, {"id": 40, "img_name": "040", "width": 768, "height": 768, "position": [-1.0260604299770062, 2.8190778623577257, -0.0], "rotation": [[-0.9396926207859085, -1.2246467991473535e-16, 0.34202014332566877], [-0.3420201433256687, -5.791302902052162e-33, -0.9396926207859084], [1.1507915602278505e-16, -1.0, -4.1885387376769924e-17]], "fy": 1920.0, "fx": 1920.0}, {"id": 41, "img_name": "041", "width": 768, "height": 768, "position": [-1.2678547852220976, 2.71892336110995, -2.465190328815662e-32], "rotation": [[-0.90630778703665, -1.224646799147353e-16, 0.42261826174069933], [-0.4226182617406994, 1.1171105957665368e-32, -0.9063077870366498], [1.1099069304367545e-16, -1.0, -5.175581015019658e-17]], "fy": 1920.0, "fx": 1920.0}, {"id": 42, "img_name": "042", "width": 768, "height": 768, "position": [-1.5000000000000002, 2.598076211353316, -2.465190328815662e-32], "rotation": [[-0.8660254037844387, -1.2246467991473532e-16, 0.49999999999999994], [-0.4999999999999999, -0.0, -0.8660254037844387], [1.060575238724907e-16, -1.0, -6.123233995736765e-17]], "fy": 1920.0, "fx": 1920.0}, {"id": 43, "img_name": "043", "width": 768, "height": 768, "position": [-1.7207293090531381, 2.457456132866975, -4.930380657631324e-32], "rotation": [[-0.8191520442889917, -1.224646799147353e-16, 0.5735764363510459], [-0.5735764363510459, 1.0096828487054007e-32, -0.8191520442889918], [1.0031719290535247e-16, -1.0, -7.02428546843654e-17]], "fy": 1920.0, "fx": 1920.0}, {"id": 44, "img_name": "044", "width": 768, "height": 768, "position": [-1.9283628290596178, 2.298133329356934, -4.930380657631324e-32], "rotation": [[-0.766044443118978, -1.2246467991473532e-16, 0.6427876096865393], [-0.6427876096865393, -0.0, -0.7660444431189778], [9.381338752702731e-17, -1.0, -7.871877887341984e-17]], "fy": 1920.0, "fx": 1920.0}, {"id": 45, "img_name": "045", "width": 768, "height": 768, "position": [-2.1213203435596424, 2.121320343559643, -0.0], "rotation": [[-0.7071067811865476, -1.2246467991473532e-16, 0.7071067811865475], [-0.7071067811865475, -0.0, -0.7071067811865476], [8.659560562354934e-17, -1.0, -8.659560562354932e-17]], "fy": 1920.0, "fx": 1920.0}, {"id": 46, "img_name": "046", "width": 768, "height": 768, "position": [-2.2981333293569337, 1.9283628290596184, -0.0], "rotation": [[-0.6427876096865394, -1.2246467991473532e-16, 0.7660444431189781], [-0.766044443118978, -0.0, -0.6427876096865394], [7.871877887341985e-17, -1.0, -9.381338752702731e-17]], "fy": 1920.0, "fx": 1920.0}, {"id": 47, "img_name": "047", "width": 768, "height": 768, "position": [-2.457456132866975, 1.720729309053139, 4.930380657631324e-32], "rotation": [[-0.5735764363510462, -1.2246467991473532e-16, 0.8191520442889917], [-0.8191520442889918, -1.0096828487054007e-32, -0.5735764363510462], [7.024285468436542e-17, -1.0, -1.0031719290535246e-16]], "fy": 1920.0, "fx": 1920.0}, {"id": 48, "img_name": "048", "width": 768, "height": 768, "position": [-2.5980762113533147, 1.500000000000001, -0.0], "rotation": [[-0.5000000000000001, -1.2246467991473532e-16, 0.8660254037844386], [-0.8660254037844385, -0.0, -0.5000000000000001], [6.123233995736767e-17, -1.0, -1.0605752387249069e-16]], "fy": 1920.0, "fx": 1920.0}, {"id": 49, "img_name": "049", "width": 768, "height": 768, "position": [-2.7189233611099506, 1.2678547852220974, -0.0], "rotation": [[-0.42261826174069944, -1.2246467991473532e-16, 0.9063077870366499], [-0.90630778703665, -5.5855529788326855e-33, -0.42261826174069944], [5.1755810150196594e-17, -1.0, -1.1099069304367543e-16]], "fy": 1920.0, "fx": 1920.0}, {"id": 50, "img_name": "050", "width": 768, "height": 768, "position": [-2.8190778623577253, 1.026060429977006, -9.860761315262648e-32], "rotation": [[-0.3420201433256688, -1.2246467991473532e-16, 0.9396926207859082], [-0.9396926207859083, 5.791302902052161e-33, -0.3420201433256688], [4.188538737676992e-17, -1.0, -1.15079156022785e-16]], "fy": 1920.0, "fx": 1920.0}, {"id": 51, "img_name": "051", "width": 768, "height": 768, "position": [-2.897777478867205, 0.7764571353075619, 4.930380657631324e-32], "rotation": [[-0.25881904510252074, -1.2246467991473532e-16, 0.9659258262890682], [-0.9659258262890684, -5.952977513302721e-33, -0.25881904510252074], [3.1696191514317656e-17, -1.0, -1.18291797137867e-16]], "fy": 1920.0, "fx": 1920.0}, {"id": 52, "img_name": "052", "width": 768, "height": 768, "position": [-2.954423259036624, 0.520944533000791, -0.0], "rotation": [[-0.17364817766693041, -1.2246467991473532e-16, 0.984807753012208], [-0.9848077530122079, -0.0, -0.17364817766693041], [2.1265768495757722e-17, -1.0, -1.2060416625018976e-16]], "fy": 1920.0, "fx": 1920.0}, {"id": 53, "img_name": "053", "width": 768, "height": 768, "position": [-2.9885840942752364, 0.2614672282429747, -0.0], "rotation": [[-0.08715574274765814, -1.2246467991473532e-16, 0.9961946980917455], [-0.9961946980917455, -0.0, -0.08715574274765814], [1.0673500138322967e-17, -1.0, -1.2199866483456202e-16]], "fy": 1920.0, "fx": 1920.0}, {"id": 54, "img_name": "054", "width": 768, "height": 768, "position": [-3.0, 5.51091059616309e-16, -0.0], "rotation": [[-6.123233995736766e-17, -1.2246467991473532e-16, 1.0], [-1.0, -0.0, -6.123233995736766e-17], [7.498798913309288e-33, -1.0, -1.2246467991473532e-16]], "fy": 1920.0, "fx": 1920.0}, {"id": 55, "img_name": "055", "width": 768, "height": 768, "position": [-2.9885840942752364, -0.26146722824297364, -0.0], "rotation": [[0.08715574274765824, -1.2246467991473532e-16, 0.9961946980917455], [-0.9961946980917455, -1.5348809595957558e-33, 0.08715574274765824], [-1.0673500138322978e-17, -1.0, -1.2199866483456202e-16]], "fy": 1920.0, "fx": 1920.0}, {"id": 56, "img_name": "056", "width": 768, "height": 768, "position": [-2.954423259036625, -0.5209445330007899, -0.0], "rotation": [[0.1736481776669303, -1.2246467991473532e-16, 0.984807753012208], [-0.9848077530122079, -0.0, 0.1736481776669303], [-2.126576849575771e-17, -1.0, -1.2060416625018976e-16]], "fy": 1920.0, "fx": 1920.0}, {"id": 57, "img_name": "057", "width": 768, "height": 768, "position": [-2.897777478867205, -0.7764571353075609, 4.930380657631324e-32], "rotation": [[0.25881904510252085, -1.2246467991473532e-16, 0.9659258262890684], [-0.9659258262890684, 5.952977513302721e-33, 0.25881904510252085], [-3.169619151431767e-17, -1.0, -1.18291797137867e-16]], "fy": 1920.0, "fx": 1920.0}, {"id": 58, "img_name": "058", "width": 768, "height": 768, "position": [-2.819077862357725, -1.026060429977007, -9.860761315262648e-32], "rotation": [[0.34202014332566866, -1.2246467991473532e-16, 0.9396926207859083], [-0.9396926207859084, -0.0, 0.34202014332566866], [-4.1885387376769905e-17, -1.0, -1.1507915602278503e-16]], "fy": 1920.0, "fx": 1920.0}, {"id": 59, "img_name": "059", "width": 768, "height": 768, "position": [-2.7189233611099493, -1.267854785222099, -0.0], "rotation": [[0.4226182617406994, -1.2246467991473532e-16, 0.90630778703665], [-0.90630778703665, -0.0, 0.4226182617406994], [-5.175581015019658e-17, -1.0, -1.1099069304367545e-16]], "fy": 1920.0, "fx": 1920.0}, {"id": 60, "img_name": "060", "width": 768, "height": 768, "position": [-2.598076211353316, -1.5000000000000007, -0.0], "rotation": [[0.49999999999999983, -1.2246467991473532e-16, 0.8660254037844387], [-0.8660254037844387, -1.0674587249590384e-32, 0.49999999999999983], [-6.123233995736764e-17, -1.0, -1.0605752387249069e-16]], "fy": 1920.0, "fx": 1920.0}, {"id": 61, "img_name": "061", "width": 768, "height": 768, "position": [-2.4574561328669753, -1.7207293090531381, 4.930380657631324e-32], "rotation": [[0.5735764363510462, -1.2246467991473532e-16, 0.8191520442889916], [-0.8191520442889917, 1.0096828487054005e-32, 0.5735764363510462], [-7.024285468436544e-17, -1.0, -1.0031719290535245e-16]], "fy": 1920.0, "fx": 1920.0}, {"id": 62, "img_name": "062", "width": 768, "height": 768, "position": [-2.298133329356935, -1.9283628290596175, 4.930380657631324e-32], "rotation": [[0.6427876096865394, -1.2246467991473532e-16, 0.7660444431189781], [-0.766044443118978, -0.0, 0.6427876096865394], [-7.871877887341985e-17, -1.0, -9.381338752702731e-17]], "fy": 1920.0, "fx": 1920.0}, {"id": 63, "img_name": "063", "width": 768, "height": 768, "position": [-2.121320343559642, -2.121320343559642, -9.860761315262648e-32], "rotation": [[0.7071067811865475, -1.2246467991473532e-16, 0.7071067811865476], [-0.7071067811865476, -0.0, 0.7071067811865475], [-8.659560562354932e-17, -1.0, -8.659560562354934e-17]], "fy": 1920.0, "fx": 1920.0}, {"id": 64, "img_name": "064", "width": 768, "height": 768, "position": [-1.9283628290596186, -2.2981333293569333, -0.0], "rotation": [[0.7660444431189779, -1.2246467991473535e-16, 0.6427876096865396], [-0.6427876096865396, 0.0, 0.7660444431189779], [-9.381338752702731e-17, -1.0, -7.871877887341989e-17]], "fy": 1920.0, "fx": 1920.0}, {"id": 65, "img_name": "065", "width": 768, "height": 768, "position": [-1.720729309053139, -2.457456132866975, -4.930380657631324e-32], "rotation": [[0.8191520442889919, -1.224646799147353e-16, 0.5735764363510459], [-0.5735764363510459, -1.0096828487054008e-32, 0.8191520442889919], [-1.0031719290535249e-16, -1.0, -7.024285468436539e-17]], "fy": 1920.0, "fx": 1920.0}, {"id": 66, "img_name": "066", "width": 768, "height": 768, "position": [-1.5000000000000016, -2.5980762113533156, -0.0], "rotation": [[0.8660254037844387, -1.2246467991473532e-16, 0.49999999999999994], [-0.4999999999999999, 0.0, 0.8660254037844387], [-1.060575238724907e-16, -1.0, -6.123233995736765e-17]], "fy": 1920.0, "fx": 1920.0}, {"id": 67, "img_name": "067", "width": 768, "height": 768, "position": [-1.2678547852220974, -2.71892336110995, -2.465190328815662e-32], "rotation": [[0.9063077870366499, -1.224646799147353e-16, 0.42261826174069944], [-0.42261826174069944, -5.585552978832684e-33, 0.9063077870366498], [-1.1099069304367543e-16, -1.0, -5.1755810150196594e-17]], "fy": 1920.0, "fx": 1920.0}, {"id": 68, "img_name": "068", "width": 768, "height": 768, "position": [-1.0260604299770058, -2.8190778623577253, -0.0], "rotation": [[0.9396926207859082, -1.2246467991473532e-16, 0.3420201433256689], [-0.3420201433256688, 0.0, 0.9396926207859083], [-1.1507915602278505e-16, -1.0, -4.1885387376769936e-17]], "fy": 1920.0, "fx": 1920.0}, {"id": 69, "img_name": "069", "width": 768, "height": 768, "position": [-0.7764571353075619, -2.897777478867205, -0.0], "rotation": [[0.9659258262890681, -1.224646799147353e-16, 0.25881904510252096], [-0.2588190451025211, -5.95297751330272e-33, 0.9659258262890682], [-1.1829179713786696e-16, -1.0, -3.169619151431768e-17]], "fy": 1920.0, "fx": 1920.0}, {"id": 70, "img_name": "070", "width": 768, "height": 768, "position": [-0.5209445330007911, -2.9544232590366235, -1.232595164407831e-32], "rotation": [[0.984807753012208, -1.2246467991473535e-16, 0.17364817766693028], [-0.17364817766693028, 3.0346731855854724e-33, 0.9848077530122079], [-1.2060416625018976e-16, -1.0, -2.1265768495757704e-17]], "fy": 1920.0, "fx": 1920.0}, {"id": 71, "img_name": "071", "width": 768, "height": 768, "position": [-0.261467228242975, -2.988584094275237, -0.0], "rotation": [[0.9961946980917455, -1.224646799147353e-16, 0.0871557427476582], [-0.0871557427476582, -1.5348809595957558e-33, 0.9961946980917455], [-1.21998664834562e-16, -1.0, -1.0673500138322975e-17]], "fy": 1920.0, "fx": 1920.0}, {"id": 72, "img_name": "00000.png", "width": 768, "height": 768, "position": [-0.076896776132651, 2.9980276489638413, 4.36194726536753e-25], "rotation": [[-0.999671220779419, -5.67246960804425e-24, 0.025640688836574523], [-0.025640688836574523, -1.918184216926202e-32, -0.999671220779419], [5.670604738171387e-24, -1.0, -1.454460632544691e-25]], "fy": 1920.0, "fx": 1920.0}, {"id": 73, "img_name": "00001.png", "width": 768, "height": 768, "position": [-0.23369603562478317, 2.989894489955208, 1.3256337797332436e-24], "rotation": [[-0.996959276145498, -5.67246961353535e-24, 0.0779242984316971], [-0.07792429843169711, -1.946666492367635e-32, -0.9969592761454983], [5.655221318151577e-24, -1.0, -4.4202325607159585e-25]], "fy": 1920.0, "fx": 1920.0}, {"id": 74, "img_name": "00002.png", "width": 768, "height": 768, "position": [-0.38985475052728014, 2.9735662379746257, 2.2114393637346992e-24], "rotation": [[-0.991514735433452, -5.67246961900402e-24, 0.12999432294127], [-0.12999432294127, -2.003847953706587e-32, -0.9915147354334523], [5.62433732958833e-24, -1.0, -7.373888941563571e-25]], "fy": 1920.0, "fx": 1920.0}, {"id": 75, "img_name": "00003.png", "width": 768, "height": 768, "position": [-0.5449449006570536, 2.949087647625809, 3.091183547006966e-24], "rotation": [[-0.9833525217509271, -5.672469624435267e-24, 0.18170804204745553], [-0.18170804204745553, -2.0895718075583475e-32, -0.9833525217509274], [5.5780374233475745e-24, -1.0, -1.030733400825377e-24]], "fy": 1920.0, "fx": 1920.0}, {"id": 76, "img_name": "00004.png", "width": 768, "height": 768, "position": [-0.6985413946927815, 2.916525813023421, 3.96245501189396e-24], "rotation": [[-0.9724950071582786, -5.672469629814207e-24, 0.2329237120407601], [-0.2329237120407601, -2.2036031682687206e-32, -0.9724950071582791], [5.5164485042540506e-24, -1.0, -1.3212527391760014e-24]], "fy": 1920.0, "fx": 1920.0}, {"id": 77, "img_name": "00005.png", "width": 768, "height": 768, "position": [-0.850223235320673, 2.8759699838927557, 4.82286566387176e-24], "rotation": [[-0.9589719513483087, -5.672469635126097e-24, 0.28350095432968947], [-0.28350095432968947, -2.345629485896132e-32, -0.9589719513483087], [5.4397393832540026e-24, -1.0, -1.608150615895562e-24]], "fy": 1920.0, "fx": 1920.0}, {"id": 78, "img_name": "00006.png", "width": 768, "height": 768, "position": [-0.9995746731588439, 2.827531320942467, 5.670057177149712e-24], "rotation": [[-0.9428204200770159, -5.6724696403563755e-24, 0.3333011402087111], [-0.33330114020871104, -2.515261342810083e-32, -0.9428204200770162], [5.348120314716102e-24, -1.0, -1.8906406638460004e-24]], "fy": 1920.0, "fx": 1920.0}, {"id": 79, "img_name": "00007.png", "width": 768, "height": 768, "position": [-1.1461863462974693, 2.7713425911807645, 6.501707458677479e-24], "rotation": [[-0.9240846835689359, -5.672469645490708e-24, 0.3821877708298987], [-0.3821877708298987, -2.712033932859342e-32, -0.924084683568936], [5.241842420138849e-24, -1.0, -2.1679485974415245e-24]], "fy": 1920.0, "fx": 1920.0}, {"id": 80, "img_name": "00008.png", "width": 768, "height": 768, "position": [-1.2896564023313297, 2.707557804010298, 7.315537012840698e-24], "rotation": [[-0.9028160951755321, -5.67246965051502e-24, 0.43002685133678803], [-0.43002685133678803, -2.935407893655049e-32, -0.9028160951755324], [5.121196999843996e-24, -1.0, -2.4393143349115885e-24]], "fy": 1920.0, "fx": 1920.0}, {"id": 81, "img_name": "00009.png", "width": 768, "height": 768, "position": [-1.4295915998093174, 2.636351789099075, 8.1093151894e-24], "rotation": [[-0.8790729506192297, -5.6724696554155425e-24, 0.47668725813496293], [-0.47668725813496293, -3.1847708862335527e-32, -0.87907295061923], [4.98651473454261e-24, -1.0, -2.7039940816321862e-24]], "fy": 1920.0, "fx": 1920.0}, {"id": 82, "img_name": "00010.png", "width": 768, "height": 768, "position": [-1.5656083860819214, 2.5579197171844976, 8.880866297548283e-24], "rotation": [[-0.8529203282088915, -5.672469660178842e-24, 0.5220410982927148], [-0.522041098292715, -3.4594395431056666e-32, -0.8529203282088917], [4.838164778962232e-24, -1.0, -2.9612623688152197e-24]], "fy": 1920.0, "fx": 1920.0}, {"id": 83, "img_name": "00011.png", "width": 768, "height": 768, "position": [-1.6973339485923795, 2.4724765651239364, 9.628075569327977e-24], "rotation": [[-0.824429910464698, -5.672469664791863e-24, 0.5659640600866785], [-0.5659640600866785, -3.7586609753001817e-32, -0.8244299104646984], [4.676553750019427e-24, -1.0, -3.210414041968024e-24]], "fy": 1920.0, "fx": 1920.0}, {"id": 84, "img_name": "00012.png", "width": 768, "height": 768, "position": [-1.8244072367299822, 2.3802565266581093, 1.0348894956063011e-23], "rotation": [[-0.7936797876413411, -5.672469669241963e-24, 0.6083357537316241], [-0.608335753731624, -4.0816151108917356e-32, -0.7936797876413412], [4.502124612311086e-24, -1.0, -3.450766193672804e-24]], "fy": 1920.0, "fx": 1920.0}, {"id": 85, "img_name": "00013.png", "width": 768, "height": 768, "position": [-1.9464799514446995, 2.2815123705023157, 1.1041348741917883e-23], "rotation": [[-0.760754243688065, -5.672469673516942e-24, 0.649040041360491], [-0.6490400413604911, -4.427416489759438e-32, -0.7607542436880652], [4.315355463979245e-24, -1.0, -3.6816600353884116e-24]], "fy": 1920.0, "fx": 1920.0}, {"id": 86, "img_name": "00014.png", "width": 768, "height": 768, "position": [-2.0632174999106705, 2.176514747524956, 1.1703538959197443e-23], "rotation": [[-0.7257435252322191, -5.672469677605084e-24, 0.6879653553502089], [-0.687965355350209, -4.7951176271486393e-32, -0.7257435252322192], [4.116758226277318e-24, -1.0, -3.902462703143937e-24]], "fy": 1920.0, "fx": 1920.0}, {"id": 87, "img_name": "00015.png", "width": 768, "height": 768, "position": [-2.1742999126218754, 2.0655514489123137, 1.2333650590544392e-23], "rotation": [[-0.6887435942195254, -5.6724696814951836e-24, 0.7250050041207975], [-0.7250050041207975, -5.183710412780262e-32, -0.6887435942195255], [3.90687724042952e-24, -1.0, -4.1125689921748686e-24]], "fy": 1920.0, "fx": 1920.0}, {"id": 88, "img_name": "00016.png", "width": 768, "height": 768, "position": [-2.279422720406317, 1.9489266173529243, 1.2929956543775741e-23], "rotation": [[-0.6498558648890563, -5.6724696851765784e-24, 0.7600574645695707], [-0.7600574645695708, -5.592129798779109e-32, -0.6498558648890564], [3.686287775629412e-24, -1.0, -4.311403015747281e-24]], "fy": 1920.0, "fx": 1920.0}, {"id": 89, "img_name": "00017.png", "width": 768, "height": 768, "position": [-2.3782977889548573, 1.8269599134035996, 1.349082238572241e-23], "rotation": [[-0.6091869258038536, -5.672469688639177e-24, 0.7930266603389055], [-0.7930266603389056, -6.019256542878922e-32, -0.6091869258038537], [3.455594452267025e-24, -1.0, -4.498419783623348e-24]], "fy": 1920.0, "fx": 1920.0}, {"id": 90, "img_name": "00018.png", "width": 768, "height": 768, "position": [-2.470654108577324, 1.6999856393220616, 1.4014710822096916e-23], "rotation": [[-0.5668482476990865, -5.6724696918734895e-24, 0.8238222251548586], [-0.8238222251548589, -6.46391974259985e-32, -0.5668482476990866], [3.2154295847063997e-24, -1.0, -4.673106695841694e-24]], "fy": 1920.0, "fx": 1920.0}, {"id": 91, "img_name": "00019.png", "width": 768, "height": 768, "position": [-2.556238537021243, 1.5683518227676951, 1.450018591111021e-23], "rotation": [[-0.5229558779485148, -5.672469694870651e-24, 0.8523597505148431], [-0.8523597505148431, -6.924900506109412e-32, -0.5229558779485152], [2.9664514481558648e-24, -1.0, -4.8349849477182705e-24]], "fy": 1920.0, "fx": 1920.0}, {"id": 92, "img_name": "00020.png", "width": 768, "height": 768, "position": [-2.634816493317147, 1.4324192628819203, 1.4945916999288236e-23], "rotation": [[-0.4776301224867039, -5.672469697622446e-24, 0.8785610170454661], [-0.8785610170454663, -7.400935535794799e-32, -0.477630122486704], [2.709342474381446e-24, -1.0, -4.983610842216699e-24]], "fy": 1920.0, "fx": 1920.0}, {"id": 93, "img_name": "00021.png", "width": 768, "height": 768, "position": [-2.7061726007487183, 1.2925605413628285, 1.535068236870072e-23], "rotation": [[-0.43099521605881946, -5.6724697001213346e-24, 0.9023542088963952], [-0.9023542088963953, -7.890719957085887e-32, -0.4309952160588195], [2.4448073812088347e-24, -1.0, -5.118577006091024e-24]], "fy": 1920.0, "fx": 1920.0}, {"id": 94, "img_name": "00022.png", "width": 768, "height": 768, "position": [-2.770111277185389, 1.149159001244644, 1.571337258560498e-23], "rotation": [[-0.3831789817018282, -5.6724697023604625e-24, 0.9236741105826111], [-0.9236741105826112, -8.392911292021344e-32, -0.38317898170182824], [2.1735712409408078e-24, -1.0, -5.2395135064674435e-24]], "fy": 1920.0, "fx": 1920.0}, {"id": 95, "img_name": "00023.png", "width": 768, "height": 768, "position": [-2.826457271159368, 1.0026076961811097, 1.6032993541326774e-23], "rotation": [[-0.33431248039043626, -5.672469704333695e-24, 0.9424622857355205], [-0.9424622857355205, -8.906133116226765e-32, -0.3343124803904364], [1.896377492984445e-24, -1.0, -5.346088864804623e-24]], "fy": 1920.0, "fx": 1920.0}, {"id": 96, "img_name": "00024.png", "width": 768, "height": 768, "position": [-2.875056142217736, 0.8533083131127487, 1.6308669177043048e-23], "rotation": [[-0.2845296518080698, -5.672469706035625e-24, 0.9586672372729791], [-0.9586672372729789, -9.428978669879326e-32, -0.28452965180806983], [1.613985906135395e-24, -1.0, -5.438010965453319e-24]], "fy": 1920.0, "fx": 1920.0}, {"id": 97, "img_name": "00025.png", "width": 768, "height": 768, "position": [-2.9157746842329857, 0.7016700712708808, 1.6539643884998278e-23], "rotation": [[-0.23396694722751138, -5.6724697074615864e-24, 0.9722445485492148], [-0.9722445485492147, -9.960014914325496e-32, -0.23396694722751143], [1.3271704961044149e-24, -1.0, -5.515027856325083e-24]], "fy": 1920.0, "fx": 1920.0}, {"id": 98, "img_name": "00026.png", "width": 768, "height": 768, "position": [-2.948501290511768, 0.5481086005361472, 1.6725284579572822e-23], "rotation": [[-0.18276295550744517, -5.672469708607669e-24, 0.9831570050977673], [-0.9831570050977674, -1.0497786271491096e-31, -0.1827629555074452], [1.0367174039941013e-24, -1.0, -5.576928439475411e-24]], "fy": 1920.0, "fx": 1920.0}, {"id": 99, "img_name": "00027.png", "width": 768, "height": 768, "position": [-2.973146259701067, 0.39304480222590593, 1.6865082432526574e-23], "rotation": [[-0.13105802323003043, -5.6724697094707354e-24, 0.9913746966337523], [-0.9913746966337524, -1.1040818767337423e-31, -0.13105802323003046], [7.4342274154078345e-25, -1.0, -5.62354304970855e-24]], "fy": 1920.0, "fx": 1920.0}, {"id": 100, "img_name": "00028.png", "width": 768, "height": 768, "position": [-2.9896420416533904, 0.23690369543297296, 1.695865426766182e-23], "rotation": [[-0.07899387002067378, -5.672469710048417e-24, 0.9968750990358745], [-0.9968750990358747, -1.1587624008923837e-31, -0.07899387002067376], [4.48090409027584e-25, -1.0, -5.654743919617988e-24]], "fy": 1920.0, "fx": 1920.0}, {"id": 101, "img_name": "00029.png", "width": 768, "height": 768, "position": [-2.99794342257701, 0.08011325207783203, 1.7005743611082534e-23], "rotation": [[-0.02671320010438689, -5.6724697103391304e-24, 0.9996431360834778], [-0.9996431360834779, -1.213670320893549e-31, -0.026713200104386898], [1.5152989184962184e-25, -1.0, -5.67044552978805e-24]], "fy": 1920.0, "fx": 1920.0}, {"id": 102, "img_name": "00030.png", "width": 768, "height": 768, "position": [-2.9980276489638413, -0.07689677613265107, 1.700622139417158e-23], "rotation": [[0.02564068883657453, -5.67246971034208e-24, 0.999671220779419], [-0.999671220779419, -1.2686551400235937e-31, 0.02564068883657453], [-1.4544595822918772e-25, -1.0, -5.670604843196667e-24]], "fy": 1920.0, "fx": 1920.0}, {"id": 103, "img_name": "00031.png", "width": 768, "height": 768, "position": [-2.989894489955208, -0.23369603562478264, 1.696008630735869e-23], "rotation": [[0.07792429843169692, -5.672469710057258e-24, 0.9969592761454982], [-0.9969592761454983, -1.3235661490081164e-31, 0.07792429843169693], [-4.420231510463133e-25, -1.0, -5.6552214231768605e-24]], "fy": 1920.0, "fx": 1920.0}, {"id": 104, "img_name": "00032.png", "width": 768, "height": 768, "position": [-2.9735662379746244, -0.38985475052727986, 1.6867464803710013e-23], "rotation": [[0.12999432294126984, -5.672469709485443e-24, 0.991514735433452], [-0.991514735433452, -1.3782528387272096e-31, 0.12999432294126986], [-7.373887891310749e-25, -1.0, -5.624337434613612e-24]], "fy": 1920.0, "fx": 1920.0}, {"id": 105, "img_name": "00033.png", "width": 768, "height": 768, "position": [-2.949087647625809, -0.5449449006570535, 1.6728610752329002e-23], "rotation": [[0.18170804204745541, -5.672469708628204e-24, 0.9833525217509274], [-0.9833525217509274, -1.4325653171145053e-31, 0.1817080420474555], [-1.030733295800095e-24, -1.0, -5.578037528372856e-24]], "fy": 1920.0, "fx": 1920.0}, {"id": 106, "img_name": "00034.png", "width": 768, "height": 768, "position": [-2.9165258130234193, -0.6985413946927812, 1.6543904742518887e-23], "rotation": [[0.23292371204075987, -5.672469707487891e-24, 0.972495007158279], [-0.9724950071582791, -1.486354718302128e-31, 0.23292371204075998], [-1.3212526341507186e-24, -1.0, -5.516448609279334e-24]], "fy": 1920.0, "fx": 1920.0}, {"id": 107, "img_name": "00035.png", "width": 768, "height": 768, "position": [-2.8759699838927553, -0.8502232353206728, 1.6313853040613777e-23], "rotation": [[0.28350095432968947, -5.672469706067628e-24, 0.9589719513483087], [-0.9589719513483087, -1.5394736107622844e-31, 0.2835009543296895], [-1.608150510870281e-24, -1.0, -5.439739488279283e-24]], "fy": 1920.0, "fx": 1920.0}, {"id": 108, "img_name": "00036.png", "width": 768, "height": 768, "position": [-2.8275313209424655, -0.9995746731588433, 1.6039086202337913e-23], "rotation": [[0.33330114020871104, -5.672469704371309e-24, 0.9428204200770159], [-0.9428204200770159, -1.5917763909682046e-31, 0.3333011402087111], [-1.8906405588207185e-24, -1.0, -5.348120419741383e-24]], "fy": 1920.0, "fx": 1920.0}, {"id": 109, "img_name": "00037.png", "width": 768, "height": 768, "position": [-2.7713425911807645, -1.1461863462974684, 1.5720357344496186e-23], "rotation": [[0.38218777082989847, -5.672469702403583e-24, 0.924084683568936], [-0.924084683568936, -1.6431197170311488e-31, 0.3821877708298985], [-2.1679484924162408e-24, -1.0, -5.241842525164132e-24]], "fy": 1920.0, "fx": 1920.0}, {"id": 110, "img_name": "00038.png", "width": 768, "height": 768, "position": [-2.7075578040102974, -1.2896564023313295, 1.5358540080733383e-23], "rotation": [[0.43002685133678775, -5.6724697001698436e-24, 0.9028160951755323], [-0.9028160951755323, -1.6933628461019056e-31, 0.43002685133678786], [-2.439314229886305e-24, -1.0, -5.12119710486928e-24]], "fy": 1920.0, "fx": 1920.0}, {"id": 111, "img_name": "00039.png", "width": 768, "height": 768, "position": [-2.63635